30
6
5 2 4 6 3 1
6
2 4 8 16 32 64
3
1 1 1
3
200000 200000 200000
200
1 1 1 1 0 0 1 0 0 1 0 0 0 0 0 0 0 1 0 0 1 0 1 1 1 1 0 1 1 0 0 1 1 0 0 0 1 1 1 0 1 0 1 1 0 1 1 1 1 0 0 0 0 0 0 1 0 0 0 1 0 0 0 0 1 1 0 0 1 1 1 0 1 0 0 0 0 0 0 1 0 0 0 0 0 0 0 1 0 0 1 0 0 0 1 0 0 0 1 1 0 0 0 1 0 0 0 0 1 1 1 1 1 0 0 0 0 0 0 0 0 1 1 1 0 1 0 0 0 0 1 0 1 1 0 1 0 0 0 1 0 0 0 0 1 1 0 0 1 1 1 0 1 0 1 1 0 1 1 1 0 1 0 1 1 1 1 0 1 0 0 0 0 1 0 0 0 0 0 1 0 1 0 0 0 1 1 1 1 0 1 0 1 0 0 1 1 0 0 1
200
65537 131073 131073 65537 131073 131073 65537 131073 131073 65537 131073 131073 65537 65537 65537 131073 131073 131073 65537 65537 65537 65537 65537 131073 65537 131073 131073 65537 65537 65537 131073 131073 65537 131073 131073 65537 131073 131073 65537 65537 65537 65537 131073 131073 131073 131073 65537 131073 131073 131073 65537 131073 131073 65537 131073 65537 131073 65537 65537 65537 131073 65537 65537 131073 131073 131073 65537 131073 131073 65537 65537 65537 65537 131073 131073 131073 65537 65537 131073 131073 65537 131073 131073 131073 131073 65537 65537 65537 131073 131073 131073 65537 131073 131073 65537 65537 65537 131073 131073 65537 131073 65537 65537 131073 131073 131073 65537 65537 65537 65537 65537 65537 131073 131073 65537 131073 65537 131073 131073 131073 131073 65537 131073 131073 131073 131073 65537 65537 65537 131073 131073 131073 65537 65537 65537 65537 131073 131073 65537 65537 65537 65537 65537 65537 65537 131073 131073 131073 65537 131073 131073 65537 65537 65537 65537 131073 131073 65537 131073 65537 131073 65537 65537 131073 65537 65537 65537 65537 65537 131073 65537 131073 131073 131073 65537 131073 131073 65537 131073 131073 131073 65537 131073 65537 65537 131073 131073 131073 131073 131073 131073 131073 131073 65537 65537 131073 65537 65537 65537 131073
200
48576 6600 26532 34188 7524 54648 24156 19536 14124 29040 0 0 0 0 0 0 0 0 0 0 33120 4500 18090 23310 5130 37260 16470 13320 9630 19800 76176 10350 41607 53613 11799 85698 37881 30636 22149 45540 99360 13500 54270 69930 15390 111780 49410 39960 28890 59400 30912 4200 16884 21756 4788 34776 15372 12432 8988 18480 41584 5650 22713 29267 6441 46782 20679 16724 12091 24860 16560 2250 9045 11655 2565 18630 8235 6660 4815 9900 94944 12900 51858 66822 14706 106812 47214 38184 27606 56760 67712 9200 36984 47656 10488 76176 33672 27232 19688 40480 132 0 90 207 270 84 113 45 258 184 368 50 201 259 57 414 183 148 107 220 75705 46365 137520 101452 62357 111748 95517 7795 29623 138016 181333 59776 175804 122954 147979 171015 39902 169115 118976 131622 23023 64107 4497 99632 104924 15081 132836 147242 76446 158091 152974 185674 185456 66788 67464 145526 74584 56700 182254 48424 174050 194375 86607 17411 128199 181733 191924 113760 56825 142285 132911 151833 65325 18322 73862 151973 23078 27797 25194 58203 138151 5679 125829 96928 195979 60579 159566 105352 62427 188188 51238 92661 57139 181126 35919 56577 123967 196852 21491 197492
200
111094 108389 158977 22798 101387 75924 126245 64078 117926 57902 191988 48706 137835 51420 198766 77719 13113 3290 101349 9970 172430 102313 12469 191488 164613 48186 59087 58829 31327 15902 125361 37671 60554 153844 12838 199501 32560 179989 99976 34813 82641 81751 168482 9658 118398 46512 182239 127658 193324 75169 71783 37978 48287 175096 50318 147874 58315 122458 11025 126876 159268 189448 2035 40164 164635 35268 133964 131230 3107 11130 99393 178850 20634 194788 19169 55349 125014 98351 40129 182353 40339 49088 195960 177640 102444 31112 66904 194548 110107 69864 27339 21558 100447 152642 14527 191164 148799 13308 11848 93830 115881 191250 68533 60785 97319 154446 141120 100802 23359 155828 120249 167914 57810 178192 173430 154399 86244 45087 174972 107319 21566 152908 2427 57289 187682 120641 67698 196228 6477 113398 24440 22216 76920 6632 139177 83512 130373 33345 190728 100129 190017 59183 15678 81679 118079 82078 82361 97050 142933 162954 174334 100061 157949 150259 79871 9715 72396 17189 91071 93248 186013 109250 12128 52063 127714 40288 1946 11105 181482 102098 171825 154828 185161 50679 173307 127724 102196 68883 108037 104965 149196 180264 21992 72103 178815 163122 44773 82619 194210 125181 158825 33953 157161 84191 177559 21934 74219 129729 1661 161420
200
24000 56000 76200 45400 64400 18800 8200 26400 4600 53400 11640 27160 36957 22019 31234 9118 3977 12804 2231 25899 26280 61320 83439 49713 70518 20586 8979 28908 5037 58473 47160 110040 149733 89211 126546 36942 16113 51876 9039 104931 18960 44240 60198 35866 50876 14852 6478 20856 3634 42186 42480 99120 134874 80358 113988 33276 14514 46728 8142 94518 6360 14840 20193 12031 17066 4982 2173 6996 1219 14151 19440 45360 61722 36774 52164 15228 6642 21384 3726 43254 48840 113960 155067 92389 131054 38258 16687 53724 9361 108669 46200 107800 146685 87395 123970 36190 15785 50820 8855 102795 200 97 219 393 158 354 53 162 407 385 120 280 381 227 322 94 41 132 23 267 59009 149707 151650 80486 157904 63451 103537 168939 97896 167141 22612 103441 160596 172680 144915 178119 37838 37941 92181 189957 62597 91236 172198 127483 93742 46958 109768 62628 70639 124629 197894 74840 192131 134331 121712 38177 51348 166399 177418 164339 62230 186278 70630 102152 3753 12786 184090 121255 108692 116900 170687 72231 97000 105376 175954 65208 18322 125816 71784 37560 119953 31589 193246 20357 48654 38299 183211 58426 192468 135391 168148 6068 185632 67506 192602 103168 188291 67883 29530 133594
200
0 0 0 0 0 1 1 0 0 0 1 0 0 0 1 1 0 0 1 1 0 0 0 1 0 1 1 1 0 1 0 0 0 0 1 1 0 0 0 0 0 0 0 0 0 0 1 0 0 1 1 0 1 0 0 1 1 1 0 1 1 0 1 0 0 0 0 0 1 0 1 1 0 0 0 1 0 1 0 0 1 1 0 0 0 1 1 0 0 0 1 1 0 1 1 1 0 0 0 0 1 1 0 0 1 0 1 1 0 0 1 1 0 0 0 1 0 1 0 1 1 1 1 1 0 1 1 1 1 1 1 1 0 0 1 0 1 1 0 0 0 1 1 0 1 1 1 0 0 1 1 1 1 0 0 1 1 0 1 1 1 1 0 0 1 1 1 0 0 1 0 1 0 0 0 1 0 0 0 0 0 0 1 1 0 1 1 0 1 0 0 0 0 0 1 0 1 0 1 1
200
146581 123508 4133 105353 178354 106344 124946 18818 57844 112703 63321 104353 60099 144210 27214 155147 175757 122389 107752 109837 105136 117589 56286 31164 97364 56601 9704 36144 198412 163265 101141 81925 86818 26669 47757 80562 59520 17605 157303 168697 89381 61349 84192 164158 9107 32241 48885 147954 59437 181698 26765 122895 89154 40027 97694 96574 9427 78697 3714 111941 125430 26328 11086 53686 3888 98241 179654 33782 119674 112705 79772 27556 98094 146937 165893 181247 65904 191469 84830 25129 161931 180866 17868 160502 58238 194818 111133 131075 89756 166192 173762 120055 95931 72254 169474 157766 163582 93917 57131 114814 38391 57425 134933 177989 191004 59627 167716 13146 21637 1867 134686 167750 100415 77787 183712 3250 35956 118984 193426 1217 174331 140746 95829 55941 38407 79357 160463 3401 155365 33390 119441 268 28762 197595 104937 70119 45328 25527 19703 41643 17866 45550 31225 157438 134044 166528 18825 17934 3001 43073 166285 182129 99672 99385 79252 47535 16587 135782 13852 10986 86456 118338 97744 118213 193941 7976 109085 148968 184061 47234 157495 21843 43576 94236 153711 195675 10095 37142 111443 170203 195997 177835 59034 180523 76224 136367 2095 18621 114814 146 135856 92523 38767 8343 176390 110959 36619 11510 147568 195263
200
1 1 1 1 1 1 1 1 1 1 1 1 1 1 1 1 1 1 1 1 1 1 1 1 1 1 1 1 1 1 1 1 1 1 1 1 1 1 1 1 1 1 1 1 1 1 1 1 1 1 1 1 1 1 1 1 1 1 1 1 1 1 1 1 1 1 1 1 1 1 1 1 1 1 1 1 1 1 1 1 1 1 1 1 1 1 1 1 1 1 1 1 1 1 1 1 1 1 1 1 1 1 1 1 1 1 1 1 1 1 1 1 1 1 1 1 1 1 1 1 1 1 1 1 1 1 1 1 1 1 1 1 1 1 1 1 1 1 1 1 1 1 1 1 1 1 1 1 1 1 1 1 1 1 1 1 1 1 1 1 1 1 1 1 1 1 1 1 1 1 1 1 1 1 1 1 1 1 1 1 1 1 1 1 1 1 1 1 1 1 1 1 1 1 1 1 1 1 1 1
200
14880 70240 22080 41600 0 58880 46560 62080 35360 2400 36800 70720 30597 144431 45402 85540 0 121072 95739 127652 72709 4935 75670 145418 1581 7463 2346 4420 0 6256 4947 6596 3757 255 3910 7514 18972 89556 28152 53040 0 75072 59364 79152 45084 3060 46920 90168 1302 6146 1932 3640 0 5152 4074 5432 3094 210 3220 6188 37107 175161 55062 103740 0 146832 116109 154812 88179 5985 91770 176358 34224 161552 50784 95680 0 135424 107088 142784 81328 5520 84640 162656 22878 107994 33948 63960 0 90528 71586 95448 54366 3690 56580 108732 12648 59704 18768 35360 0 50048 39576 52768 30056 2040 31280 60112 14694 69362 21804 41080 0 58144 45978 61304 34918 2370 36340 69836 17856 84288 26496 49920 0 70656 55872 74496 42432 2880 44160 84864 16461 77703 24426 46020 0 65136 51507 68676 39117 2655 40710 78234 160 329 17 204 14 399 368 246 136 158 192 177 93 439 138 260 0 368 291 388 221 15 230 442 12982 63596 28564 122451 150699 180224 14985 163280 16953 198749 103037 14822 42794 127695 147804 16714 144258 78857 67659 39480 48530 195042 131031 128772 122813 124011 94899 162705 22266 114673 161657 162984
200
26607 72581 43621 19005 52671 362 45069 78373 69866 39277 50861 49775 69866 42777 116691 70131 30555 84681 582 72459 126003 112326 63147 81771 80025 112326 65268 178044 107004 46620 129204 888 110556 192252 171384 96348 124764 122100 171384 58065 158395 95195 41475 114945 790 98355 171035 152470 85715 110995 108625 152470 52038 141954 85314 37170 103014 708 88146 153282 136644 76818 99474 97350 136644 35721 97443 58563 25515 70713 486 60507 105219 93798 52731 68283 66825 93798 46011 125513 75433 32865 91083 626 77937 135529 120818 67921 87953 86075 120818 32487 88621 53261 23205 64311 442 55029 95693 85306 47957 62101 60775 85306 19845 54135 32535 14175 39285 270 33615 58455 52110 29295 37935 37125 52110 28371 77393 46513 20265 56163 386 48057 83569 74498 41881 54233 53075 74498 53214 145162 87242 38010 105342 724 90138 156746 139732 78554 101722 99550 139732 2205 6015 3615 1575 4365 30 3735 6495 5790 3255 4215 4125 5790 8673 23659 14219 6195 17169 118 14691 25547 22774 12803 16579 16225 22774 181 291 444 395 354 243 313 221 135 193 362 15 59 147 401 241 105 291 2 249 433 386 217 281 275 386 32890 52159 178598 144473 149232
3
65537 65537 131073
200
41910 8382 22860 111252 85725 58293 30099 166878 149733 63246 123825 12192 39820 7964 21720 105704 81450 55386 28598 158556 142266 60092 117650 11584 44440 8888 24240 117968 90900 61812 31916 176952 158772 67064 131300 12928 44000 8800 24000 116800 90000 61200 31600 175200 157200 66400 130000 12800 42350 8470 23100 112420 86625 58905 30415 168630 151305 63910 125125 12320 20130 4026 10980 53436 41175 27999 14457 80154 71919 30378 59475 5856 11660 2332 6360 30952 23850 16218 8374 46428 41658 17596 34450 3392 22990 4598 12540 61028 47025 31977 16511 91542 82137 34694 67925 6688 11220 2244 6120 29784 22950 15606 8058 44676 40086 16932 33150 3264 29260 5852 15960 77672 59850 40698 21014 116508 104538 44156 86450 8512 13090 2618 7140 34748 26775 18207 9401 52122 46767 19754 38675 3808 26840 5368 14640 71248 54900 37332 19276 106872 95892 40504 79300 7808 381 362 404 400 385 183 106 209 102 266 119 244 110 22 60 292 225 153 79 438 393 166 325 32 114861 46544 9535 89513 79265 16704 28222 133240 165869 137728 3762 48477 140331 109532 94078 180652 41746 6488 82529 157572 79304 175778 135056 26841 15282 69199 108230 154675 51088 89532 160099 191111
200
99772 159077 17420 165209 30104 77239 14751 16259 70912 142746 199866 101625 169456 174327 161591 169359 180261 10995 162720 52859 155544 53998 168852 48472 157464 199909 129057 14754 180794 95740 24980 66378 15809 840 118084 192200 142121 29077 44557 105039 122636 9266 177110 140552 171440 138319 92552 160351 193313 70435 101877 138819 121728 86211 141645 148806 91298 15353 70588 142472 116762 599 23048 79257 131103 136023 86053 94979 42253 63234 11439 16948 31479 182434 141424 71521 122351 94093 146432 85651 23948 116821 55902 26802 72833 59122 132206 17104 125138 120438 159358 165330 128122 87747 13616 137024 114537 191719 64376 60731 162992 66020 18333 43841 136144 133382 186953 98774 92381 88053 36518 173446 23210 199857 41689 147945 116869 36265 116138 33937 101506 158575 76542 93563 157255 4879 83250 87801 185466 93348 197588 109532 7472 29333 121467 177190 136387 15061 163186 181835 184817 154039 179053 98040 78562 129564 131033 109241 57365 76294 27032 105912 65906 65484 64083 179245 59306 50302 52417 104530 123124 66929 116170 32214 101573 56075 18741 88570 103718 75753 123368 37949 164254 19477 23436 105748 6040 91801 171708 165446 196761 196040 171884 174878 122292 30575 44864 80371 38076 98202 139290 113125 23523 193999 87661 144872 80540 143480 134037 136831
200
14256 31464 3240 5112 8784 28440 8280 2520 18072 6120 20592 37818 83467 8595 13561 23302 75445 21965 6685 47941 16235 54626 47916 105754 10890 17182 29524 95590 27830 8470 60742 20570 69212 51480 113620 11700 18460 31720 102700 29900 9100 65260 22100 74360 68706 151639 15615 24637 42334 137065 39905 12145 87097 29495 99242 73656 162564 16740 26412 45384 146940 42780 13020 93372 31620 106392 39402 86963 8955 14129 24278 78605 22885 6965 49949 16915 56914 39402 86963 8955 14129 24278 78605 22885 6965 49949 16915 56914 19404 42826 4410 6958 11956 38710 11270 3430 24598 8330 28028 76428 168682 17370 27406 47092 152470 44390 13510 96886 32810 110396 67518 149017 15345 24211 41602 134695 39215 11935 85591 28985 97526 72 191 242 260 347 372 199 199 98 386 341 198 437 45 71 122 395 115 35 251 85 286 147227 72564 96926 163857 169295 74469 14956 38214 3745 145306 45455 1074 76867 57530 35516 65635 81201 197339 112276 25421 20179 61343 84187 50222 180712 193716 185398 129701 118619 24869 171896 197811 119807 107446 99457 26701 105419 190390 170181 138634 33453 67542 65524 34046 170091 162360 115128 183941 5272 59717 60064 44973 11642 107994 192701 36771 128661
200
198133 186409 121631 2857 23285 61612 143464 115666 180548 115516 121445 113562 9662 63420 199724 185763 32774 150959 18240 143764 70756 139737 2493 30941 1503 84613 180013 101947 46948 128035 117681 45108 73226 43994 54118 136933 21606 107856 119365 25447 39741 147517 67917 94324 34408 39053 82635 59134 74920 93439 93277 128810 147857 194476 173821 66049 27414 103318 99527 64917 161245 93703 98513 72497 18517 181388 95241 61321 198420 81245 111390 14882 79612 44050 68502 161914 194538 190595 98676 1858 143998 131929 149873 15546 98874 113824 17426 47922 6594 16004 67509 56640 147609 48450 125218 64965 49687 80405 33003 4157 76241 194302 121737 129760 197220 155956 58120 146135 162352 166564 96643 11305 35105 85844 21038 55020 104420 170020 191987 99461 170078 189765 83188 199488 170421 184275 46086 192006 63519 103260 199628 171066 22992 22626 54372 41222 12511 142158 143880 18949 14423 175792 64934 63189 83424 96276 153256 63563 30299 20988 124713 10852 151026 73389 180598 3288 27881 97807 100294 127080 7150 130497 90513 190333 59766 102804 74057 190364 74228 24782 174898 113745 6015 73474 16839 155609 133515 115813 69617 19375 185072 108412 183350 170542 182538 39499 96096 70773 56272 147445 160518 94875 81915 34089 33433 187114 49032 147262 195763 155890
200
169623 17433 169123 185357 169308 94138 103293 174761 157351 63086 135964 83668 170851 76067 148427 162088 52595 196503 103535 50470 141441 193416 19777 21553 7262 125206 141664 66295 116749 69517 109775 124893 197239 142634 88803 156758 178471 14000 175947 195597 126648 141768 47827 138634 55422 75302 140341 67547 83675 41078 188583 51904 69869 150263 179446 39435 181140 51278 65306 97985 120181 169989 125602 134974 25158 129211 60548 45810 143883 149108 71527 36804 163742 41625 155617 177274 57499 122561 75004 120535 172412 124296 20400 65997 181889 120566 192600 156299 197949 132136 165987 147787 198241 120926 93170 74693 68316 160642 82316 15105 33292 123106 165794 16914 50865 164730 54545 173052 194982 25238 87851 141889 117300 88837 46457 115131 52887 89380 184405 30025 130203 153626 58477 89663 12587 149154 30500 157996 191949 92849 133164 153093 150815 77511 98196 100987 64881 77298 432 181976 11200 64717 129003 143242 46188 96339 29812 44012 83529 132415 78244 136710 116181 25985 92085 99126 131900 134748 158098 153860 123773 83214 25037 157232 179218 68174 158517 86613 73924 105467 4585 106681 123640 160813 20039 23710 38901 124391 195391 110141 57689 23105 67328 4181 199963 87796 146214 105745 34255 171587 151022 98179 179105 7018 110098 28850 109265 17638 106724 44149
200
67522 28196 63441 158046 64925 115010 45262 148771 29848 12464 28044 69864 28700 50840 20008 65764 58604 24472 55062 137172 56350 99820 39284 129122 53690 22420 50445 125670 51625 91450 35990 118295 68796 28728 64638 161028 66150 117180 46116 151578 34762 14516 32661 81366 33425 59210 23302 76591 33124 13832 31122 77532 31850 56420 22204 72982 41314 17252 38817 96702 39725 70370 27694 91027 371 164 322 295 378 191 182 227 182 76 171 426 175 310 122 401 138769 84617 51210 163225 7445 17577 78293 22443 70210 73033 124598 3652 195883 180914 185967 185664 90133 29364 82041 75711 103850 165685 48467 63228 11777 121712 177254 122605 24047 87106 33153 175260 128348 70708 120646 147037 113978 135940 15821 198867 177392 26482 146954 136984 134335 89559 97105 155206 186423 72239 22884 71127 20398 162448 156865 6120 196547 7485 157893 18314 195278 4873 149606 62186 114596 110383 98413 92868 136030 80366 144537 147914 160611 21930 63277 74777 40261 89162 40077 154024 100461 191552 187882 96379 193060 2153 186658 19727 99687 197265 29473 174014 131118 68565 79406 3281 86769 45583 125060 161158 80189 49571 51239 177999 163850 101540 141689 20987 184141 133039 164710 71720 181508 152987 176404 124058 42593 51342 70024 52941
200
0 0 0 0 0 0 0 0 0 0 0 0 0 0 0 0 0 0 0 0 0 0 0 0 0 0 0 0 0 0 0 0 0 0 0 0 0 0 0 0 0 0 0 0 0 0 0 0 0 0 0 0 0 0 0 0 0 0 0 0 0 0 0 0 0 0 0 0 0 0 0 0 0 0 0 0 0 0 0 0 0 0 0 0 0 0 0 0 0 0 0 0 0 0 0 0 0 0 0 0 0 0 0 0 0 0 0 0 0 0 0 0 0 0 0 0 0 0 0 0 0 0 0 0 0 0 0 0 0 0 0 0 0 0 0 0 0 0 0 0 0 0 0 0 0 0 0 0 0 0 0 0 0 0 0 0 0 0 0 0 0 0 0 0 0 0 0 0 0 0 0 0 0 0 0 0 0 0 0 0 0 0 0 0 0 0 0 0 0 0 0 0 0 0 0 0 0 0 0 0
200
115129 28199 95268 79755 139216 111253 11164 39595 7100 147914 34358 114722 105364 118832 168442 120652 2447 184265 48313 82722 183065 127846 120524 119890 115109 61429 84869 74368 22503 71137 154068 172937 80724 169396 139352 153000 175941 12828 112333 175606 140991 96732 6868 122457 181404 56630 73308 129188 2915 50448 44926 53920 184040 119924 102133 196863 38372 30806 30711 79131 38529 99748 177408 24952 85594 94289 58999 175858 56698 16069 41044 196403 144139 77455 42316 105091 102147 95071 104674 101051 104487 81689 1774 135713 97502 163441 96404 18894 90004 96197 55257 93458 136018 168586 55814 53842 119158 101595 137747 13708 123243 116590 65976 45595 109231 173595 15936 12035 64972 163305 119424 87358 107194 49485 120356 173518 5614 42563 41885 28305 130390 153626 139364 57468 89639 88229 98064 179001 21782 177475 51547 589 62546 22542 51898 9447 42508 177582 150094 96697 49028 175435 68866 138052 149352 199926 32415 32103 188258 71951 198902 137844 57132 154847 54933 121198 186398 104475 156055 114779 89906 94358 182952 37681 99220 148344 42832 62282 88372 41378 16877 163536 171770 142209 101475 60626 103234 81728 45782 164652 173042 86892 172276 153495 186985 154827 92248 145552 25896 55377 53274 156500 103971 32750 186966 98013 114409 129605 17936 194046
200
42905 110793 10648 180986 25063 112977 175314 146389 157745 169549 188622 16798 103607 153901 54453 76405 9428 167538 165228 178608 19598 99540 167696 44497 12963 22561 55343 14744 151646 19957 31521 42628 98720 163389 62627 128872 54457 195738 118072 77990 179711 94647 79095 68809 158640 198457 23623 16939 57617 148773 143367 145115 82882 87971 34860 54849 145481 60507 156675 121771 75672 49416 81670 83270 94974 58232 133534 171953 840 63439 26334 110164 140146 161689 28376 117511 52096 55469 36017 42249 16184 99889 199084 21372 43707 20217 128366 193651 100294 3020 82833 103682 105834 79199 33762 454 85393 104276 123314 74271 176025 160456 175993 55861 5030 75893 47615 12942 141067 130650 111524 132151 43467 31248 66696 67830 7137 70568 60419 140192 186902 131631 81798 172764 8241 166824 35197 41879 99796 75890 165869 70991 191408 159140 182555 193038 6612 156992 110106 68143 112069 132173 87044 162851 97936 99728 13452 170217 145670 120052 194252 117800 95210 79854 141860 85629 107916 54321 166707 126615 137656 23018 152505 41713 140687 29032 31934 95441 39388 120748 88035 139663 18248 178776 90260 103207 142763 135342 186669 2207 15322 28932 62722 96882 449 112393 184028 132620 71011 117696 31773 132078 198633 55106 85336 75220 94916 40360 134880 134688
200
0 0 0 0 0 0 0 0 0 0 0 0 0 0 0 0 0 0 0 0 0 0 0 0 0 0 0 0 0 0 0 0 0 0 0 0 0 0 0 0 0 0 0 0 0 0 0 0 0 0 0 0 0 0 0 0 0 0 0 0 0 0 0 0 0 0 0 0 0 0 0 0 0 0 0 0 0 0 0 0 0 0 0 0 0 0 0 0 0 0 0 0 0 0 0 0 0 0 0 0 198244 191423 45708 35901 117065 38663 79297 67365 129095 66117 39039 114326 12455 545 195977 194806 79344 198578 10465 29751 174640 132839 111134 71768 42916 65692 89551 96072 169939 32175 136296 50644 107356 174851 142508 75948 99730 22672 121462 182151 152250 13712 69519 62634 107648 18588 6250 36213 69709 9015 103999 115585 50817 101645 63830 89062 76234 142505 81505 45453 13404 173361 114764 6816 61081 189500 161241 77259 48627 59248 99337 90226 143899 169834 117566 109132 174222 193390 92358 198756 176120 132395 19778 121785 114028 14689 139904 98548 24904 140933 113039 158173 163696 88207 69307 133851 183310 72784 8145 168580
200
6516 65830 77003 44427 129555 143855 98653 74286 97244 198569 101738 1407 151790 77721 89798 152501 172934 17228 61129 14271 107540 172717 70318 61147 22485 84292 152104 40621 15389 62060 104392 9480 170699 126703 186119 130301 123520 163018 176056 52056 49406 147288 119016 123893 188069 43231 53350 134045 144239 137214 90490 37139 150244 227 109603 184234 78298 197062 15933 185301 183432 39869 191999 121890 83515 49763 156770 87867 161311 156613 97280 118190 15483 176016 41644 81733 117347 58705 54167 16454 73437 734 47127 153082 122940 49457 52779 162131 165375 177131 177448 49663 124277 194263 81707 97560 14388 153808 114837 27643 48947 71945 174064 114961 190857 65960 95258 143383 53858 55452 102808 38475 91404 142657 192422 97420 184862 127393 17555 82418 146510 125604 57446 98401 95676 65663 58976 10261 41822 182612 73934 85644 177043 96820 25154 60325 142936 185320 51805 99068 46712 131500 175392 101452 131811 9691 178363 109593 5665 187272 131714 177193 40601 123286 116205 172988 92952 163263 195222 60100 42541 190289 150717 199911 122837 134495 139709 196094 160499 71099 42488 125941 103386 159054 71720 134342 16654 199275 147264 83767 70731 28878 143900 77721 71352 136091 198438 88406 154573 53234 182 192184 192080 64561 151151 111540 151495 66945 68313 68149
200
0 0 0 0 0 0 0 0 0 0 0 0 0 0 0 0 0 0 0 0 0 0 0 0 0 0 0 0 0 0 0 0 0 0 0 0 0 0 0 0 0 0 0 0 0 0 0 0 0 0 0 0 0 0 0 0 0 0 0 0 0 0 0 0 0 0 0 0 0 0 0 0 0 0 0 0 0 0 0 0 0 0 0 0 0 0 0 0 0 0 0 0 0 0 0 0 0 0 0 0 198168 197225 152464 98933 72795 144726 197891 39324 44786 106107 106372 173013 75502 153477 49179 172538 173233 182723 31369 78095 14336 131734 68899 157148 8188 151870 88749 51373 141040 131473 43886 107231 12964 78844 62323 57372 26868 189539 64462 55700 123224 96685 143488 112299 85943 182732 14913 44491 196325 161547 117578 180304 43626 175080 32332 140261 85083 59665 128036 151128 170819 190203 159804 83446 37792 32907 122460 129530 77498 22315 92511 8438 122609 135789 42498 15822 31503 17168 184750 161314 147445 77599 44359 36948 133002 67398 138270 75072 112547 144260 64487 15215 621 149605 198320 181725 25502 80174 181731 40154
200
16848 22194 11178 13203 35883 10125 10530 23166 76960 101380 51060 60310 163910 46250 48100 105820 30576 40278 20286 23961 65121 18375 19110 42042 35360 46580 23460 27710 75310 21250 22100 48620 39936 52608 26496 31296 85056 24000 24960 54912 58448 76994 38778 45803 124483 35125 36530 80366 73424 96722 48714 57539 156379 44125 45890 100958 84864 111792 56304 66504 180744 51000 53040 116688 81 370 147 170 192 281 353 408 208 274 138 163 443 125 130 286 161170 68370 134672 163399 121621 155865 111668 69940 60998 37415 73930 147539 37327 21650 4096 52860 22755 164900 21813 141218 81328 93526 135436 169385 83208 18873 158210 28147 88816 18415 164030 42910 172670 126316 187376 195753 185943 127051 124535 90232 64893 186178 11917 177109 168425 77733 196029 119403 68995 149344 131509 69821 102462 111696 28682 60203 163716 145771 77193 164882 192261 175091 27135 110400 696 165666 138317 116658 17371 71836 53342 122326 8662 70048 194330 145974 173664 127196 48373 37032 165278 140229 127072 122666 5498 13154 145218 52244 42745 153141 166120 187311 121417 13541 83099 43068 70186 117458 178727 112166 46032 168077 8312 84351 63587 21562 128505 39526 12898 100234 8964 90131 116641 112181 6990 124408 196121 51863 26035 109715
200
101741 110218 132405 71338 29765 147382 2155 22431 91449 25021 44303 145055 154655 178111 177526 35775 142909 64988 91125 49019 51601 73599 79719 125682 158113 164912 111333 41402 123276 199939 26505 67580 132467 97726 190055 88675 145575 56462 169713 59497 90488 33590 26002 188094 33569 153853 157158 117367 113624 91546 155017 71432 71974 85194 178560 96814 90854 109848 193055 162109 51266 192877 4782 196397 12182 78990 17772 121149 12655 175353 80409 136673 162753 190619 126409 183580 195788 110049 146361 127953 55152 160741 134011 36008 92717 35681 167194 155703 88617 81020 193476 151857 96703 5146 17878 3945 51216 16432 89429 91893 58496 39191 85534 103307 14111 10480 184035 162832 23255 137645 35384 139636 139114 172126 95633 171274 194034 48593 13173 101550 5403 44360 184936 4241 47560 120242 133441 108690 123263 102138 178020 163796 104634 116928 65587 5983 137865 97099 176288 862 9293 126589 186909 63989 111654 67548 189441 165859 26717 145736 77712 122279 164032 177522 187859 117900 38104 187602 172002 3781 79983 192208 161655 158100 11138 131541 127633 20148 187219 144768 162321 120602 137933 189288 143408 127301 80742 48220 20309 154511 146770 4444 130948 99624 56874 135958 154456 162291 198638 9897 147911 32069 108331 31165 24651 31811 185955 72047 3244 199598
200
200000 200000 200000 200000 200000 200000 200000 200000 200000 200000 200000 200000 200000 200000 200000 200000 200000 200000 200000 200000 200000 200000 200000 200000 200000 200000 200000 200000 200000 200000 200000 200000 200000 200000 200000 200000 200000 200000 200000 200000 200000 200000 200000 200000 200000 200000 200000 200000 200000 200000 200000 200000 200000 200000 200000 200000 200000 200000 200000 200000 200000 200000 200000 200000 200000 200000 200000 200000 200000 200000 200000 200000 200000 200000 200000 200000 200000 200000 200000 200000 200000 200000 200000 200000 200000 200000 200000 200000 200000 200000 200000 200000 200000 200000 200000 200000 200000 200000 200000 200000 200000 200000 200000 200000 200000 200000 200000 200000 200000 200000 200000 200000 200000 200000 200000 200000 200000 200000 200000 200000 200000 200000 200000 200000 200000 200000 200000 200000 200000 200000 200000 200000 200000 200000 200000 200000 200000 200000 200000 200000 200000 200000 200000 200000 200000 200000 200000 200000 200000 200000 200000 200000 200000 200000 200000 200000 200000 200000 200000 200000 200000 200000 200000 200000 200000 200000 200000 200000 200000 200000 200000 200000 200000 200000 200000 200000 200000 200000 200000 200000 200000 200000 200000 200000 200000 200000 200000 200000 200000 200000 200000 200000 200000 200000 200000 200000 200000 200000 200000 200000
