30
6
5 2 4 6 3 1
6
2 4 8 16 32 64
3
1 1 1
3
200000 200000 200000
3
65537 65537 131073
200
11579 51034 22703 150066 149866 11834 197421 120115 178583 42100 198991 59299 125720 87139 13496 79912 2004 26168 31674 186071 101876 88929 20753 50308 98880 41251 117935 76975 181084 71117 43163 123172 23076 155105 70392 120622 125651 161870 116706 55920 129815 120570 58778 49192 194640 80499 129627 37271 178324 14251 44687 188580 147019 162650 130710 85223 120180 133018 133788 193033 124165 143648 128126 18343 90721 99073 64381 130443 61977 83975 74777 102245 4771 14874 141788 133413 62685 68132 161194 18015 23443 90491 142240 63168 143718 94039 83137 46733 2804 119165 30645 8818 115831 164455 44618 169971 164934 136282 150656 15113 65903 9707 161345 154420 54006 68460 87032 112752 74758 28557 95320 198476 49533 58234 61418 80615 13341 87432 69962 115527 43551 40220 150890 190109 56932 155051 84806 154801 110456 96261 114030 159985 42095 70456 199494 127653 132989 152670 181456 94721 95732 145608 66577 186710 1022 190222 176842 167016 142284 186754 94666 108025 29960 111078 154065 171229 4912 138590 84979 168742 180726 25542 182073 9810 191070 93959 73297 87308 140930 124624 199434 44315 110290 57814 53435 83236 48069 193341 63148 47430 110258 122978 105003 174172 159171 12852 104726 91460 64611 57478 87454 149903 24801 123419 77120 25388 186724 23150 39825 33430
200
1 1 1 1 0 1 1 0 1 1 1 0 1 0 0 1 1 0 1 0 1 0 0 0 0 1 1 1 1 1 1 1 0 1 1 1 0 0 1 0 1 0 1 1 1 0 1 0 0 1 1 0 0 0 1 1 1 0 1 0 0 1 1 0 0 1 0 0 0 1 1 0 1 1 1 0 0 0 0 0 0 1 1 0 1 0 1 0 0 1 1 1 0 0 0 0 1 1 1 0 0 1 0 1 1 0 1 1 0 1 1 0 1 0 0 0 0 0 1 0 1 0 0 0 1 0 1 0 1 0 0 1 1 1 0 0 1 1 1 0 0 0 0 0 0 0 0 0 0 0 1 1 1 1 0 0 0 1 0 1 1 0 0 0 1 1 1 0 0 0 1 1 1 1 0 1 0 0 1 0 1 1 0 1 1 0 0 1 0 0 0 1 1 0 0 0 1 1 1 0
200
96285 173706 158772 61308 18864 112791 24759 101001 77421 50697 158772 47553 166239 101920 183872 168064 64896 19968 119392 26208 106912 81952 53664 168064 50336 175968 70805 127738 116756 45084 13872 82943 18207 74273 56933 37281 116756 34969 122247 3430 6188 5656 2184 672 4018 882 3598 2758 1806 5656 1694 5922 91140 164424 150288 58032 17856 106764 23436 95604 73284 47988 150288 45012 157356 980 1768 1616 624 192 1148 252 1028 788 516 1616 484 1692 63455 114478 104636 40404 12432 74333 16317 66563 51023 33411 104636 31339 109557 103635 186966 170892 65988 20304 121401 26649 108711 83331 54567 170892 51183 178929 11515 20774 18988 7332 2256 13489 2961 12079 9259 6063 18988 5687 19881 18865 34034 31108 12012 3696 22099 4851 19789 15169 9933 31108 9317 32571 28910 52156 47672 18408 5664 33866 7434 30326 23246 15222 47672 14278 49914 54145 97682 89284 34476 10608 63427 13923 56797 43537 28509 89284 26741 93483 41405 74698 68276 26364 8112 48503 10647 43433 33293 21801 68276 20449 71487 393 416 289 14 372 4 259 423 47 77 118 221 169 245 442 404 156 48 287 63 257 197 129 404 121 423 140114 178419 30922 32412 79883
200
7519 7313 39346 36462 27604 24823 39449 44084 20291 3914 13081 18025 1533 1491 8022 7434 5628 5061 8043 8988 4137 798 2667 3675 14819 14413 77546 71862 54404 48923 77749 86884 39991 7714 25781 35525 1606 1562 8404 7788 5896 5302 8426 9416 4334 836 2794 3850 23871 23217 124914 115758 87636 78807 125241 139956 64419 12426 41529 57225 25185 24495 131790 122130 92460 83145 132135 147660 67965 13110 43815 60375 24528 23856 128352 118944 90048 80976 128688 143808 66192 12768 42672 58800 31244 30388 163496 151512 114704 103148 163924 183184 84316 16264 54356 74900 29638 28826 155092 143724 108808 97846 155498 173768 79982 15428 51562 71050 803 781 4202 3894 2948 2651 4213 4708 2167 418 1397 1925 1971 1917 10314 9558 7236 6507 10341 11556 5319 1026 3429 4725 30806 29962 161204 149388 113096 101702 161626 180616 83134 16036 53594 73850 103 21 203 22 327 345 336 428 406 11 27 422 73 71 382 354 268 241 383 428 197 38 127 175 98950 76417 189763 33412 79206 47681 23726 72769 86790 86167 133835 21970 86251 85495 8742 187956 19857 195347 139666 125370 138472 29795 56949 14661 66723 73203 145051 78198 172015 142152 193084 165227
200
114322 144801 100702 126634 187215 11034 77945 77585 187237 29567 109439 153119 40877 12526 14712 138300 190470 188220 145163 110068 127666 113211 93753 70903 163199 65122 37941 78680 98050 161887 175899 107477 169757 43850 17296 127182 36315 2652 96566 134329 183842 48764 22035 132448 56996 83841 110109 125431 150831 41906 147412 172137 4028 155244 66265 20929 15759 32760 187065 53447 157295 80865 24982 154430 106156 138635 26493 109100 124356 95559 88205 132653 87221 22356 164446 22456 136370 163561 155711 60057 126674 43763 69408 11402 81766 45827 152523 138894 16920 43327 150284 127977 76042 25548 61684 187311 76189 69456 147247 92326 42694 65430 195218 29943 80109 30442 63530 35989 64842 91358 185782 63143 133389 178290 165 74741 99511 59578 72066 126219 84532 46311 185662 80970 134166 74191 30366 16566 153419 106500 149181 35909 144778 140749 46696 95573 131016 159247 73050 36433 5994 97288 93312 155981 58597 195507 2205 15446 6451 157422 191441 177879 23601 173530 50459 81631 14585 126512 90354 8215 86508 199192 74299 3544 134518 197070 186739 4148 163937 82847 56072 55024 183213 133990 168295 199282 102787 19908 9829 118740 169774 161845 181974 8803 180201 86543 10186 56741 143541 142432 192846 39847 165410 43941 100856 77631 183402 124393 81934 156900
200
0 1 1 0 1 0 1 1 1 1 0 0 1 0 0 0 1 1 0 0 1 1 0 0 0 0 0 1 0 1 0 0 1 0 1 0 0 1 1 1 0 0 0 0 1 0 1 1 0 1 1 0 0 0 1 1 0 1 1 1 1 1 1 0 0 0 0 0 0 1 0 1 1 0 0 0 1 0 1 1 1 0 0 0 1 1 0 1 1 1 0 0 0 1 1 1 0 1 1 0 1 0 1 0 0 0 0 0 1 1 1 0 1 1 0 1 1 1 1 1 0 1 1 0 0 1 0 0 0 0 1 0 0 1 1 0 1 1 1 0 0 1 0 0 1 0 0 1 0 0 0 0 0 0 0 0 1 1 0 0 1 0 0 1 0 0 0 0 1 1 0 0 0 1 1 1 1 0 0 0 0 1 0 0 0 1 1 1 0 1 0 1 0 0 0 0 1 1 0 0
200
126962 142554 46551 167997 44411 97551 145271 10064 109321 185510 16495 163636 175540 53063 192110 143921 41355 374 81938 174505 100613 98594 175664 199660 12763 146623 15658 17942 170057 179891 195213 119951 82547 153002 54854 147124 87187 69499 147932 125166 90532 124938 56293 189334 64086 27573 108893 165959 101442 115681 84332 22608 66816 3988 133403 45650 37575 49486 45997 10443 122969 94124 163459 118836 50667 24175 195008 11273 178668 83496 1996 118148 71449 92866 38588 28409 4101 129860 95971 90405 147712 25371 188277 123145 158717 194152 44864 131923 154107 184943 144323 146211 151528 55324 182233 57545 174882 114271 106192 198688 154318 135211 94542 24989 28161 79156 56853 145457 146070 75170 50079 107102 13480 57755 11455 70117 127972 132818 10243 144903 154891 166882 83498 174019 167408 84423 148804 68533 49746 93192 168367 105128 64029 62911 46757 34269 3225 88696 128808 157896 92990 150446 151054 67412 42722 75886 191947 45371 66339 18992 188009 192372 197938 157155 51025 142980 61377 37044 58313 69659 98591 1484 104371 198622 54070 6607 66223 43667 173761 134391 105024 107109 49124 72411 94216 40388 20569 80941 51648 129244 96054 197428 95 38563 68150 20473 86359 76984 80033 22237 17839 325 65610 25121 153760 102210 22595 99225 10409 36218
200
10913 132298 116042 175478 73220 41446 77468 168990 193158 126670 43877 182019 162351 16065 195229 48091 132375 177924 175547 11020 82147 28782 127645 75751 90148 134915 47041 26124 122292 40183 23831 58972 188269 187650 167362 56815 18961 122476 29526 171260 150071 19787 7256 17851 46286 33015 72034 100838 45286 29003 139404 135677 73863 107115 171662 83887 556 38409 11433 199229 79522 89097 79274 136648 182522 38322 1130 36392 109964 139933 12543 83030 70296 180916 165859 89004 53505 190222 192888 182034 116979 121626 128579 60602 71784 52179 92864 37637 137382 184026 193745 161852 90283 46152 118406 60800 97208 128417 10065 76897 52011 143691 59062 159605 185515 27254 80650 194467 67563 58622 63019 155748 100202 37860 141521 13422 58866 11448 188480 149179 193878 161926 43060 64535 14296 108080 162778 183880 4046 93870 5576 118285 33461 13191 185601 131482 185073 6594 88434 101534 59829 141446 112808 149701 142354 192635 94491 122211 38020 3934 182807 65599 84588 73797 73282 5315 145471 157851 189217 24393 169035 146762 195914 88104 149713 19443 196668 163565 91989 6355 37057 22491 67678 167987 39475 172898 137384 185824 42464 158814 40886 94684 196471 173504 187282 14361 49593 85890 125576 5476 2183 110755 72491 120327 164606 65150 176925 146967 109131 61270
200
6125 125526 60379 12053 109100 154473 142148 3937 168657 129953 86091 51550 91715 32604 76210 6037 150961 125668 196006 63916 143389 95716 67806 10817 159253 64564 191560 117964 165501 60561 102922 71996 185356 164606 126339 114923 190088 20811 43401 190847 140237 156569 168975 115865 35008 114373 117752 130493 116391 192517 48968 182217 106275 119580 101395 184484 148268 145815 178129 30321 132695 79417 11079 132867 91556 7124 190705 123984 125845 167539 106572 45879 163607 128863 59676 185002 136963 13301 115923 91411 73229 178999 102700 87268 171936 34489 21675 119497 71367 133273 116774 46090 154965 40963 145251 119657 17477 170102 165346 70589 122688 112981 182569 185026 124742 144410 16334 53389 187977 91658 193190 79873 16825 107968 166689 192732 138925 3934 16288 113362 34550 97144 40116 151012 61420 22759 13481 166874 190123 163616 158500 12910 12783 1020 85820 144655 33768 111255 16799 192965 173932 11703 123409 198802 6244 31353 66897 141049 172264 150457 29801 21342 51127 67873 110132 68244 12464 75784 75586 77338 124737 162203 172852 109153 23867 60994 20750 51140 36596 66962 89838 143641 15479 199721 192280 104987 133622 144952 48301 39804 164277 56241 125967 10995 48825 49016 16675 72524 93779 177440 158962 127741 61838 97864 120102 192688 82414 43259 21056 13051
200
111115 51332 56340 64165 65104 126452 76685 78876 65730 105481 69935 32308 35460 40385 40976 79588 48265 49644 41370 66389 67095 30996 34020 38745 39312 76356 46305 47628 39690 63693 95850 44280 48600 55350 56160 109080 66150 68040 56700 90990 83425 38540 42300 48175 48880 94940 57575 59220 49350 79195 79875 36900 40500 46125 46800 90900 55125 56700 47250 75825 61415 28372 31140 35465 35984 69892 42385 43596 36330 58301 18460 8528 9360 10660 10816 21008 12740 13104 10920 17524 64255 29684 32580 37105 37648 73124 44345 45612 38010 60997 18105 8364 9180 10455 10608 20604 12495 12852 10710 17187 313 197 189 270 235 225 173 52 181 51 355 164 180 205 208 404 245 252 210 337 116348 197677 150113 153037 176049 72736 156825 78897 99888 101547 99496 191552 19545 72113 1306 93589 51484 40551 150735 69520 108898 126898 78264 32278 86705 146800 60118 7692 85438 130794 33556 110862 18594 61361 175685 179483 193073 164536 170662 180845 26071 64097 93752 57938 138855 188895 12846 30163 112089 177333 29207 95991 187462 129031 131254 169041 2556 92256 88719 27929 180374 73349 198347 36609 164234 173773 104086 170954 177817 126599 19021 321 173644 105528 138695 103116 121927 39911 164294 59223
200
103756 103842 185004 84883 122414 7506 110753 22764 189913 27939 129910 131938 127206 156489 143500 123981 42668 68843 56560 17060 179601 71313 92476 194877 110250 107967 85182 40884 197471 193909 30053 11823 199900 11313 3829 194123 61566 87261 123134 149398 105459 143938 141266 28414 64132 93166 118089 123711 127631 29976 125427 157622 113551 57560 151886 137607 139418 100839 16656 186172 126619 85097 189707 29311 23967 169474 117421 190928 52250 137148 33223 23188 90803 64310 63663 45582 181196 23758 89477 154262 190473 81756 40336 77091 169398 37868 152085 187245 48254 9528 21812 197472 180113 33852 72190 188138 135559 139938 62352 99930 72603 137384 108026 165789 53984 183607 158912 153366 143059 40271 24595 99576 38683 175920 79120 151872 120857 42640 175446 18337 166864 3091 155474 46804 126927 7491 56644 110786 21872 76042 162483 46659 128456 160496 1909 138496 167144 27129 108036 172642 180518 90901 29212 168977 104417 118325 56581 83355 16755 174747 167965 78561 22325 144330 190456 105885 186830 166809 65149 188677 68072 46047 3004 45442 46749 105457 130797 53232 41463 194317 184128 4316 50923 168319 96849 4302 148848 184544 177684 16490 19634 3766 191503 96415 170125 59026 101286 80604 158334 3493 199122 41855 28792 186352 92453 32389 99244 155115 110555 15647
200
81649 74946 147567 98337 186741 108970 16489 113413 94110 183812 121071 156442 24265 111408 84288 123989 179970 29309 41338 74708 21969 39878 132796 26032 122128 101160 12502 126001 44524 29785 3385 154398 111450 131368 35454 196924 7696 186611 116612 45843 101599 166237 159274 154711 154703 155026 196951 29036 103152 48323 173995 9079 141616 173444 193784 198243 171535 121154 115168 41242 68421 23445 86018 18658 175508 75740 137028 28442 75961 181138 191588 167546 152131 199904 61494 97871 198332 55991 115583 147201 27517 189900 96701 136540 108626 173310 49614 97637 19290 60415 109584 95184 163257 84482 55183 95858 165791 73904 4245 141114 89981 133904 120449 24251 46374 122124 188734 8682 9809 167320 91240 168798 107355 129890 103601 152553 87319 167141 45285 165775 62625 48477 93711 73659 15313 172903 52243 145143 81188 182655 161072 63954 138253 15098 87500 10744 183673 83736 174102 138388 126049 176552 55559 46254 40159 192250 181362 125949 181602 197427 79709 6222 79468 136093 143307 86547 133547 27134 48267 72698 168876 6550 135203 195309 130528 78196 77501 10055 123442 43439 142648 133659 176781 173966 179306 79447 169521 40083 45395 5647 79024 150761 51450 55093 31795 77702 32613 66412 85757 47065 55592 36299 58395 96964 13716 118182 63765 95727 6391 52482
200
70173 133566 49494 72885 7458 92547 98310 87123 113565 110175 65427 125769 141363 30015 57130 21170 31175 3190 39585 42050 37265 48575 47125 27985 53795 60465 43884 83528 30952 45580 4664 57876 61480 54484 71020 68900 40916 78652 88404 44298 84316 31244 46010 4708 58422 62060 54998 71690 69550 41302 79394 89238 46575 88650 32850 48375 4950 61425 65250 57825 75375 73125 43425 83475 93825 75555 143810 53290 78475 8030 99645 105850 93805 122275 118625 70445 135415 152205 89631 170602 63218 93095 9526 118209 125570 111281 145055 140725 83569 160643 180561 91080 173360 64240 94600 9680 120120 127600 113080 147400 143000 84920 163240 183480 35397 67374 24966 36765 3762 46683 49590 43947 57285 55575 33003 63441 71307 52164 99288 36792 54180 5544 68796 73080 64764 84420 81900 48636 93492 105084 52164 99288 36792 54180 5544 68796 73080 64764 84420 81900 48636 93492 105084 74727 142234 52706 77615 7942 98553 104690 92777 120935 117325 69673 133931 150537 5589 10638 3942 5805 594 7371 7830 6939 9045 8775 5211 10017 11259 339 145 212 214 225 365 433 440 171 252 252 361 27 207 394 146 215 22 273 290 257 335 325 193 371 417 119049 197680 99799 131022 53981
200
1458 3816 1476 3249 3780 1728 2151 468 612 1350 4536 11872 4592 10108 11760 5376 6692 1456 1904 4200 34830 91160 35260 77615 90300 41280 51385 11180 14620 32250 34668 90736 35096 77254 89880 41088 51146 11128 14552 32100 43416 113632 43952 96748 112560 51456 64052 13936 18224 40200 61236 160272 61992 136458 158760 72576 90342 19656 25704 56700 40014 104728 40508 89167 103740 47424 59033 12844 16796 37050 71766 187832 72652 159923 186060 85056 105877 23036 30124 66450 72090 188680 72980 160645 186900 85440 106355 23140 30260 66750 56862 148824 57564 126711 147420 67392 83889 18252 23868 52650 9 28 215 214 268 378 247 443 445 351 162 424 164 361 420 192 239 52 68 150 24781 180911 147269 144471 112578 69896 51781 118333 125006 45574 92904 153366 30203 95874 100371 123473 62046 97478 138157 42326 145303 199104 40583 59251 109425 83177 172951 56442 114485 156766 167186 167523 194047 160948 175598 13422 134703 101659 27280 129248 76599 81424 71942 157747 35639 19957 36555 194579 197023 125006 148804 46599 63004 77459 56448 54591 77470 63278 189836 165616 99354 183446 11687 128265 111121 14243 183861 117636 174984 172952 169875 43595 19044 131704 79231 127668 31689 70150 183143 42519
200
108009 52200 199150 153491 132319 101793 103582 164062 156120 148089 18584 177416 104811 48778 55304 108454 33286 16589 44857 165436 49037 83509 67466 22373 61274 28472 178810 86983 153877 74068 134405 140377 153718 83285 68625 69971 198419 8679 172566 161772 23988 108786 82027 54706 146527 192074 26767 112211 58657 111735 139499 54694 48509 199842 163295 199339 158764 30028 50472 105281 109448 21342 69817 69224 91 125837 152335 22680 31229 144019 92073 67380 48631 31934 29493 114000 135117 65370 84214 92694 39059 137748 124942 123029 57180 19526 185732 58058 99538 191231 3802 67850 141668 4461 121105 6933 73313 137660 12482 29942 74494 73852 18615 19928 57138 104268 165337 168039 85948 153233 91115 106158 183833 197827 138633 3470 131178 10316 68375 182060 6732 64698 121311 16936 34078 11559 142920 164940 105270 190993 41007 11429 11323 149821 80966 65309 140330 1861 142187 138120 188207 143083 197111 61614 33888 175613 32010 115765 81953 81138 70530 195016 140023 5118 153941 32268 23111 193678 11226 170226 59069 65801 22814 6486 173883 199459 142825 92939 4817 95253 181616 95116 61255 157749 143213 185694 115730 37071 162654 93307 189877 51476 29649 186079 23887 77585 27508 128664 16114 48042 75231 105824 8966 162741 191312 195745 145097 194356 173719 119157
200
160887 157840 181842 40508 37185 122272 166829 107817 198719 33112 180352 184730 134099 69453 20054 133004 129243 34532 128914 13825 198275 108380 43158 138492 152243 46749 91012 8214 140886 148484 110518 167532 29511 48350 77063 172136 190886 4386 161800 28392 184674 159500 74686 59584 180935 63788 182785 133067 2217 6167 37346 156286 137211 69477 17739 108624 116982 69172 104291 2795 73388 128392 60724 48083 93526 24799 175393 140669 102409 197173 164628 110794 26207 111726 97391 99536 140684 36319 133050 77116 197290 127436 75440 45050 79827 100752 45811 44238 86879 121144 104213 11131 166261 1674 142119 153859 44365 123838 165762 91546 26701 163491 95168 192209 168264 159756 82546 136506 172740 118822 139029 49832 66510 168648 48870 5310 65277 102479 16169 1130 180925 163718 166953 191699 176498 123384 90691 181131 93628 39014 182817 181009 12999 85711 104512 76255 78081 159250 159108 6507 72721 73975 123849 100820 122985 67516 38738 192047 93450 73464 73426 24073 12077 93840 185887 71220 63611 53048 186737 100832 154077 103557 115893 150283 164611 130182 39363 147617 110527 45634 130406 144935 96998 95180 164737 55940 26452 157384 172177 147310 159968 63015 183587 135037 115434 103624 123783 56436 157815 75535 85346 180656 147943 13869 139394 73177 147975 196247 71064 29985
200
32224 58088 1696 56604 72928 5512 27348 88404 73564 20988 93916 36464 79712 62168 112066 3272 109203 140696 10634 52761 170553 141923 40491 181187 70348 153784 59432 107134 3128 104397 134504 10166 50439 163047 135677 38709 173213 67252 147016 1824 3288 96 3204 4128 312 1548 5004 4164 1188 5316 2064 4512 47880 86310 2520 84105 108360 8190 40635 131355 109305 31185 139545 54180 118440 8664 15618 456 15219 19608 1482 7353 23769 19779 5643 25251 9804 21432 3192 5754 168 5607 7224 546 2709 8757 7287 2079 9303 3612 7896 40736 73432 2144 71556 92192 6968 34572 111756 92996 26532 118724 46096 100768 34504 62198 1816 60609 78088 5902 29283 94659 78769 22473 100561 39044 85352 14136 25482 744 24831 31992 2418 11997 38781 32271 9207 41199 15996 34968 49552 89324 2608 87042 112144 8476 42054 135942 113122 32274 144418 56072 122576 21128 38086 1112 37113 47816 3614 17931 57963 48233 13761 61577 23908 52264 1368 2466 72 2403 3096 234 1161 3753 3123 891 3987 1548 3384 212 409 391 12 315 57 21 268 227 93 326 139 9 152 274 8 267 344 26 129 417 347 99 443 172 376 86898 66166 16080 84582 62962
200
0 0 0 0 0 0 0 0 0 0 0 0 0 0 0 0 0 0 0 0 0 0 0 0 0 0 0 0 0 0 0 0 0 0 0 0 0 0 0 0 0 0 0 0 0 0 0 0 0 0 0 0 0 0 0 0 0 0 0 0 0 0 0 0 0 0 0 0 0 0 0 0 0 0 0 0 0 0 0 0 0 0 0 0 0 0 0 0 0 0 0 0 0 0 0 0 0 0 0 0 59009 139800 173489 179538 20119 165854 153785 83524 62566 32088 41138 75661 66317 126090 192099 94401 115577 136232 189599 25651 155871 122599 17788 80077 172182 83407 113819 87600 174888 89178 40392 46864 18110 3353 104776 70541 123516 175304 27529 153792 146804 154590 171082 138372 91380 43366 36400 142959 109382 127635 179859 70748 93875 118666 191051 47127 14484 68836 154532 192347 190983 23486 39734 88508 21269 32789 3489 129277 134697 19571 57531 57346 137430 9394 176329 63562 14655 20069 94034 27994 91778 79559 194353 14383 164510 50095 128554 119431 67014 136952 87663 25098 104214 40066 17099 75670 180657 147856 48086 45088
200
1 1 1 1 1 1 1 1 1 1 1 1 1 1 1 1 1 1 1 1 1 1 1 1 1 1 1 1 1 1 1 1 1 1 1 1 1 1 1 1 1 1 1 1 1 1 1 1 1 1 1 1 1 1 1 1 1 1 1 1 1 1 1 1 1 1 1 1 1 1 1 1 1 1 1 1 1 1 1 1 1 1 1 1 1 1 1 1 1 1 1 1 1 1 1 1 1 1 1 1 1 1 1 1 1 1 1 1 1 1 1 1 1 1 1 1 1 1 1 1 1 1 1 1 1 1 1 1 1 1 1 1 1 1 1 1 1 1 1 1 1 1 1 1 1 1 1 1 1 1 1 1 1 1 1 1 1 1 1 1 1 1 1 1 1 1 1 1 1 1 1 1 1 1 1 1 1 1 1 1 1 1 1 1 1 1 1 1 1 1 1 1 1 1 1 1 1 1 1 1
200
200000 200000 200000 200000 200000 200000 200000 200000 200000 200000 200000 200000 200000 200000 200000 200000 200000 200000 200000 200000 200000 200000 200000 200000 200000 200000 200000 200000 200000 200000 200000 200000 200000 200000 200000 200000 200000 200000 200000 200000 200000 200000 200000 200000 200000 200000 200000 200000 200000 200000 200000 200000 200000 200000 200000 200000 200000 200000 200000 200000 200000 200000 200000 200000 200000 200000 200000 200000 200000 200000 200000 200000 200000 200000 200000 200000 200000 200000 200000 200000 200000 200000 200000 200000 200000 200000 200000 200000 200000 200000 200000 200000 200000 200000 200000 200000 200000 200000 200000 200000 200000 200000 200000 200000 200000 200000 200000 200000 200000 200000 200000 200000 200000 200000 200000 200000 200000 200000 200000 200000 200000 200000 200000 200000 200000 200000 200000 200000 200000 200000 200000 200000 200000 200000 200000 200000 200000 200000 200000 200000 200000 200000 200000 200000 200000 200000 200000 200000 200000 200000 200000 200000 200000 200000 200000 200000 200000 200000 200000 200000 200000 200000 200000 200000 200000 200000 200000 200000 200000 200000 200000 200000 200000 200000 200000 200000 200000 200000 200000 200000 200000 200000 200000 200000 200000 200000 200000 200000 200000 200000 200000 200000 200000 200000 200000 200000 200000 200000 200000 200000
200
0 0 0 0 0 0 0 0 0 0 0 0 0 0 0 0 0 0 0 0 0 0 0 0 0 0 0 0 0 0 0 0 0 0 0 0 0 0 0 0 0 0 0 0 0 0 0 0 0 0 0 0 0 0 0 0 0 0 0 0 0 0 0 0 0 0 0 0 0 0 0 0 0 0 0 0 0 0 0 0 0 0 0 0 0 0 0 0 0 0 0 0 0 0 0 0 0 0 0 0 92528 92616 80961 105029 181522 71534 183869 49141 44342 88520 131637 31166 113141 184580 30677 143569 171168 50544 138001 14803 16805 113130 159733 180684 134327 144368 5350 162658 169951 52285 16647 69694 93401 24750 144269 144586 49018 102766 128792 119001 129521 2400 135755 7992 18302 175169 180971 43215 48987 18246 194713 30445 111926 33856 62784 133032 37902 89828 154128 79768 11456 92986 119276 178086 52991 164444 100189 9057 113703 196646 120271 6369 35389 44618 63559 80817 33258 28899 83569 141231 39028 27334 110632 47328 181138 195273 196138 23313 162619 150464 102448 180337 136274 14142 79736 6441 59926 27475 180493 122493
200
131073 65537 65537 65537 131073 131073 131073 131073 65537 65537 131073 131073 65537 131073 65537 65537 65537 65537 131073 65537 131073 131073 65537 131073 131073 131073 65537 65537 131073 65537 131073 65537 65537 131073 65537 131073 131073 65537 131073 65537 131073 131073 65537 65537 131073 131073 65537 131073 65537 131073 131073 131073 131073 65537 65537 65537 131073 65537 131073 131073 65537 131073 65537 65537 131073 131073 65537 65537 131073 131073 131073 65537 131073 131073 65537 65537 131073 65537 131073 65537 65537 65537 65537 65537 65537 65537 65537 65537 131073 65537 65537 65537 65537 131073 131073 131073 131073 131073 65537 65537 131073 65537 131073 131073 65537 65537 65537 65537 65537 65537 65537 131073 131073 65537 131073 65537 65537 131073 131073 131073 131073 131073 131073 65537 65537 131073 131073 65537 131073 65537 131073 65537 131073 65537 65537 131073 131073 65537 65537 131073 131073 131073 65537 131073 65537 65537 131073 131073 131073 65537 65537 65537 131073 65537 65537 131073 65537 131073 65537 131073 65537 131073 65537 131073 131073 131073 65537 131073 131073 65537 131073 131073 131073 65537 65537 131073 131073 131073 131073 131073 65537 65537 65537 65537 131073 131073 65537 131073 65537 65537 131073 131073 131073 131073 65537 65537 65537 65537 65537 65537
200
0 0 0 0 0 0 0 0 0 0 0 0 0 0 0 0 0 0 0 0 0 0 0 0 0 0 0 0 0 0 0 0 0 0 0 0 0 0 0 0 0 0 0 0 0 0 0 0 0 0 0 0 0 0 0 0 0 0 0 0 0 0 0 0 0 0 0 0 0 0 0 0 0 0 0 0 0 0 0 0 0 0 0 0 0 0 0 0 0 0 0 0 0 0 0 0 0 0 0 0 0 0 0 0 0 0 0 0 0 0 0 0 0 0 0 0 0 0 0 0 0 0 0 0 0 0 0 0 0 0 0 0 0 0 0 0 0 0 0 0 0 0 0 0 0 0 0 0 0 0 0 0 0 0 0 0 0 0 0 0 0 0 0 0 0 0 0 0 0 0 0 0 0 0 0 0 0 0 0 0 0 0 0 0 0 0 0 0 0 0 0 0 0 0 0 0 0 0 0 0
200
69720 41583 17928 64242 25398 61503 16434 51045 52788 72957 51520 30728 13248 47472 18768 45448 12144 37720 39008 53912 61600 36740 15840 56760 22440 54340 14520 45100 46640 64460 98280 58617 25272 90558 35802 86697 23166 71955 74412 102843 35280 21042 9072 32508 12852 31122 8316 25830 26712 36918 11480 6847 2952 10578 4182 10127 2706 8405 8692 12013 118720 70808 30528 109392 43248 104728 27984 86920 89888 124232 63840 38076 16416 58824 23256 56316 15048 46740 48336 66804 68880 41082 17712 63468 25092 60762 16236 50430 52152 72078 124880 74482 32112 115068 45492 110162 29436 91430 94552 130678 249 184 220 351 126 41 424 228 246 446 280 167 72 258 102 247 66 205 212 293 171495 138521 3244 196902 130287 55233 124857 124660 17648 100144 56499 161760 155291 131009 92955 109191 101352 121348 73192 35651 173193 180030 95628 196801 79884 139105 101603 146370 108829 94477 87863 144162 78927 48505 30193 67081 81254 127053 63058 47957 73367 66694 196002 135290 104270 41518 152544 89164 46014 171386 161551 51118 47312 54129 48588 36903 71157 65771 625 187939 1377 152278 57421 15159 166683 116875 89931 128456 41933 180536 173363 196249 153026 29752 36561 40174 28009 144870 16688 192317
200
64575 45756 135423 14391 126936 63837 11808 150921 110331 149076 145386 49000 34720 102760 10920 96320 48440 8960 114520 83720 113120 110320 63525 45012 133221 14157 124872 62799 11616 148467 108537 146652 143022 26600 18848 55784 5928 52288 26296 4864 62168 45448 61408 59888 13650 9672 28626 3042 26832 13494 2496 31902 23322 31512 30732 175 124 367 39 344 173 32 409 299 404 394 1575 1116 3303 351 3096 1557 288 3681 2691 3636 3546 19425 13764 40737 4329 38184 19203 3552 45399 33189 44844 43734 48300 34224 101292 10764 94944 47748 8832 112884 82524 111504 108744 22225 15748 46609 4953 43688 21971 4064 51943 37973 51308 50038 44450 31496 93218 9906 87376 43942 8128 103886 75946 102616 100076 369 280 363 152 78 1 9 111 276 127 254 175 124 367 39 344 173 32 409 299 404 394 146427 149386 126879 118433 115086 12676 55128 190744 188948 106962 47081 94547 193263 162738 108939 140915 186228 194440 148053 168004 147927 199140 37317 2339 60931 22938 112160 104504 103967 178263 160404 133722 112600 66655 55443 86328 34655 105495 48145 18885 43788 89246 53331 32281 112608 49739 147391 152355 72091 24596 8299 140367 139383 126700 59108 74424 89949
