100
5 1
3 1 4 1 5 9
2 7 1 8 2 9
4 8 15 16 23 42
30189 1
124931063 230998255 241368249 136772272 227578440 324268847
87362968 277412374 358209992 338859271 457012190 507954104
546678924 29242903 642861301 122686546 95407874 933702310
400000 1
495390584 185722021 448775198 345132819 207770461 615689967
999999999 999999999 0 0 999999999 1000000000
75025224 92061544 164902319 50742285 117149640 191086481
400000 1
109482859 249462393 349855160 227303470 226385885 464943138
109482859 249462393 349855160 227303470 226385885 464943138
26252 393184 117160 94265 292611 400000
400000 1
0 0 0 0 0 1
999999999 999999999 0 0 999999999 1000000000
0 0 0 0 0 1
250450 1
771256874 751515079 616148830 252762737 220516170 783808872
771256874 751515079 616148830 252762737 220516170 783808872
22565 209384 201434 133850 4938 250450
400000 1
53737758 97999013 26582205 178409375 70464426 194660018
217478973 160632196 13683801 36158490 234364749 309487743
343893483 223957261 168075401 341619124 98800142 502218870
400000 1
545275848 671353265 365000004 403576556 377512442 910236518
100468772 173592869 79053825 141701857 144477253 200151828
122696138 7656809 85029582 69921718 153411902 256048919
250450 1
268106306 684222843 861890027 643111586 512408507 907343017
425011718 139470031 864422951 263644785 616866682 897125074
421644749 66287902 355961892 419637580 222193041 551500453
1 1
0 0 0 0 0 1
0 0 0 0 0 1
999999999 999999999 0 0 999999999 1000000000
400000 1
197672207 51789621 2924919 60719187 40256100 257717986
197672207 51789621 2924919 60719187 40256100 257717986
17117 312271 109052 273690 96616 400000
400000 1
145134796 361624336 89760702 207079964 457039696 499034504
145134796 361624336 89760702 207079964 457039696 499034504
84875 287799 4957 113992 117582 400000
400000 1
341977763 302174952 276823127 295850264 114202033 348262719
341977763 302174952 276823127 295850264 114202033 348262719
115329 213584 17875 67160 286979 400000
324378 1
5373094 52214433 90672390 19201263 15489505 108378404
306565476 408693710 424259298 253954379 270383357 439793043
2414030 196673704 247554058 47884797 179041849 249035436
125440 1
764546728 857100709 879806739 31393785 739225831 898420868
15616049 22601920 3087448 20906796 33281761 36809577
41462534 7572954 2921253 24886383 24844425 54153630
400000 1
57970140 742809990 827801403 154898224 166384548 843700836
57970140 742809990 827801403 154898224 166384548 843700836
339392 272152 62418 385201 123534 400000
400000 1
281381728 303667955 609284887 354840456 51327775 826163452
281381728 303667955 609284887 354840456 51327775 826163452
245606 105677 388696 383134 211474 400000
57173 1
361300032 481874004 105279342 292455819 546735467 551242835
361300032 481874004 105279342 292455819 546735467 551242835
17861 16553 17979 5370 46074 57173
400000 1
0 0 0 0 0 1000000000
999999999 999999999 0 0 999999999 1000000000
492415616 631764650 124831679 408900711 712655895 735241210
59446 1
6883150 7628877 21787099 6752328 3104227 27768525
176335906 119954023 294432269 161841318 133289906 692626972
136418589 51860070 79038164 4586842 103709792 155871048
400000 1
0 0 0 0 0 1000000000
999999999 999999999 0 0 999999999 1000000000
236792 124706078 66204260 154988413 118499834 302002842
400000 1
1405709 89446 2509542 974341 188859 2625558
191341391 180947490 217638254 22967863 115124450 515348164
652806034 217014259 610824976 560974871 500116903 885332963
250450 1
0 0 0 0 0 1000000000
216699495 561277438 790321785 610525158 494812885 808912899
26196538 5430962 7423320 2676563 31268578 43227909
240196 1
148138839 220693872 185480882 11713964 115076561 257266530
51359782 251590622 366025600 327522925 143778193 387318356
392407 726688984 149150989 493399262 724968279 902952889
57173 1
0 0 0 0 0 1000000000
999999999 999999999 0 0 999999999 1000000000
122268089 189068227 483157483 148639272 245167424 607932316
400000 1
62357847 60443385 399409321 124015648 177945859 784823959
62357847 60443385 399409321 124015648 177945859 784823959
21864 120761 113521 198652 156701 400000
57173 1
0 0 0 0 0 1000000000
226254953 80723870 138553186 119448831 249379288 315887704
62112269 158041023 463707414 212275189 336548330 745056148
125440 1
0 0 0 0 0 1000000000
192131829 13210913 45281674 4311004 1872315 204076253
286506101 24194908 225553529 160601375 114756105 381089436
400000 1
0 0 0 0 0 1000000000
999999999 999999999 0 0 999999999 1000000000
178907096 198788481 225219229 57616406 136970493 310138747
291275 1
0 0 0 0 0 1000000000
393601544 43725880 693533327 523047355 347955490 917104914
346760956 252338582 339328549 265784504 212720865 447697306
400000 1
0 0 0 0 0 1000000000
999999999 999999999 0 0 999999999 1000000000
798693084 290880445 425400122 361606106 336676734 875432897
400000 1
153781946 93554058 69943546 110007849 75328899 177147040
153781946 93554058 69943546 110007849 75328899 177147040
215944 104584 16219 239281 222712 400000
143493 1
0 0 0 0 0 1000000000
390833027 380173891 95342787 88070869 35988797 631495835
49602969 43823468 42601848 12050307 20468706 56536319
400000 1
392263354 558533630 386144390 445260670 333072378 601847946
392263354 558533630 386144390 445260670 333072378 601847946
324280 397561 260142 67378 183382 400000
260267 1
516186713 560211584 397890975 50617465 34203072 607428067
516186713 560211584 397890975 50617465 34203072 607428067
124968 75677 146555 210106 195388 260267
400000 1
780214737 444222321 237482845 122753041 878899335 978013418
999999999 999999999 0 0 999999999 1000000000
246854168 47170179 55438360 212346401 244186058 271083809
400000 1
45888924 57032697 1819880 77722293 60443809 88156762
45888924 57032697 1819880 77722293 60443809 88156762
45295 60012 336029 288212 84991 400000
291275 1
324882905 382925433 802613097 643068694 335722970 921973378
999999999 999999999 0 0 999999999 1000000000
164729795 137088174 55400480 225031513 24247084 250039774
400000 1
564356594 277090211 230497408 715967456 496963112 795732278
564356594 277090211 230497408 715967456 496963112 795732278
0 0 0 0 0 1
143493 1
558122296 280865036 484634882 527892677 189867666 610684478
57167513 81394769 43108376 20008647 89927193 108455918
39936658 76336558 70292607 23256203 3755807 216054410
400000 1
0 0 0 0 0 1000000000
999999999 999999999 0 0 999999999 1000000000
43230382 351465192 58963485 162218469 273348150 481162449
400000 1
359560093 271189539 363336912 331145322 213528557 397227062
359560093 271189539 363336912 331145322 213528557 397227062
380498 198945 309568 339218 14884 400000
400000 1
192404151 347137917 18129453 205543329 212267734 402557240
192404151 347137917 18129453 205543329 212267734 402557240
14394 232028 264369 210048 51286 400000
125440 1
78096835 38848620 133158870 63070425 12467243 148941146
999999999 999999999 0 0 999999999 1000000000
375504963 400292293 13118982 361911583 312877751 428388305
400000 1
0 0 0 0 0 1000000000
294728941 90337743 512568092 203377008 235331049 745833901
40941349 11335117 47737785 54731824 59866003 138077902
400000 1
0 0 0 0 0 1000000000
113080481 25120118 110390693 72108231 56510274 121817432
66661559 31945728 37880367 87278371 14906374 156007806
400000 1
30417108 143330535 127932352 13686132 153251293 294285484
30417108 143330535 127932352 13686132 153251293 294285484
126272 250589 57785 1473 127853 400000
76261 1
128833609 69028965 154745900 101712826 95209279 168194953
95175964 83655222 58193537 66111606 76396944 101105264
305661078 38447068 129733293 171736312 70467501 345539906
400000 1
300158288 264543370 92393110 149149835 243484214 376330090
999999999 999999999 0 0 999999999 1000000000
735939013 769821136 650167388 784771235 436806630 998426022
400000 1
421893256 230803948 245284080 37977493 381563553 688462363
421893256 230803948 245284080 37977493 381563553 688462363
330555 231986 252522 204576 197923 400000
400000 1
0 0 0 0 0 1000000000
999999999 999999999 0 0 999999999 1000000000
18772853 69548592 80610658 69362834 16999587 146118792
400000 1
0 0 0 0 0 1000000000
105880212 164136733 631950833 562634508 465434725 638409737
209331595 255383108 278076466 222008634 166531006 293065651
291275 1
28679641 66587053 6585891 57342494 37250587 111969546
819803 2523569 556167 2414010 716671 8857190
22793086 15485646 52460138 55966975 9195107 56355321
250450 1
0 0 0 0 0 1000000000
999999999 999999999 0 0 999999999 1000000000
360862901 197317977 568703982 174748934 616762280 956622409
400000 1
182897169 35195783 19953441 194788505 115223007 195051988
182897169 35195783 19953441 194788505 115223007 195051988
190181 132125 201386 349549 85451 400000
400000 1
408952543 891932274 983761464 911322979 62225737 984865017
999999999 999999999 0 0 999999999 1000000000
113118541 370172442 452785182 104197449 396992224 872425571
143493 1
5944271 596977 22256399 21636811 2758881 22948736
5944271 596977 22256399 21636811 2758881 22948736
122682 24291 137964 17727 115728 143493
339096 1
115492882 303123155 40084032 444768724 84897319 486116987
322352985 261244238 405785746 30684863 392287746 746603158
494518401 564408516 434582408 436025766 227674281 839254727
260267 1
0 0 0 0 0 1000000000
202733225 149549203 236149416 121628139 79240676 236405607
91486349 27644534 86035290 14184119 97432040 119146274
400000 1
0 0 0 0 0 1000000000
66549311 106279850 30610471 3135495 103838408 227007887
374698432 611704206 382498582 256337191 443378008 915015295
400000 1
241921717 177367612 239058995 3968039 232408664 243310267
999999999 999999999 0 0 999999999 1000000000
952523355 610877350 453878896 697705101 921403829 989860169
400000 1
277006594 176519153 315968478 507427916 387078835 697477454
277006594 176519153 315968478 507427916 387078835 697477454
221283 37016 80230 187466 298666 400000
291275 1
0 0 0 0 0 1000000000
999999999 999999999 0 0 999999999 1000000000
454093739 139532139 4424226 576512397 560010939 582278493
400000 1
25064329 127644246 31234080 27842685 2455476 165842981
25064329 127644246 31234080 27842685 2455476 165842981
330128 75524 188470 259254 75118 400000
400000 1
0 0 0 0 0 1000000000
98237875 49723318 57752585 238478422 83645124 468429351
106327815 196675210 29145370 188276691 264518104 344427179
400000 1
25852602 75483266 95427061 22848652 91378106 98312205
25852602 75483266 95427061 22848652 91378106 98312205
339366 17214 52538 390009 219870 400000
143493 1
250641483 40093635 158157640 239971833 1609479 258055299
999999999 999999999 0 0 999999999 1000000000
211528678 837046050 118294459 171475203 422861575 849526360
3157 1
263714297 30003629 95860405 249494217 484977257 843564873
434962393 745967374 756875018 631346283 465875089 965587998
3452912 29481048 65129829 7764094 14989886 89681502
57173 1
24040707 43643732 66342389 117058343 135204413 135737831
999999999 999999999 0 0 999999999 1000000000
69746893 12041538 256586067 146092799 59594101 324697390
400000 1
186901189 225343716 70274120 38819995 139534590 234226201
186901189 225343716 70274120 38819995 139534590 234226201
355 23571 248594 2549 46487 400000
260267 1
0 0 0 0 0 1000000000
999999999 999999999 0 0 999999999 1000000000
1673079 72518755 107997855 79417315 80436572 125710357
400000 1
0 0 0 0 0 1000000000
38841120 198761965 246408126 89513288 94670818 427205585
877101335 872516996 90427712 195702111 420377859 914218563
291275 1
608117940 469399179 90243509 121330186 421754623 664786494
608117940 469399179 90243509 121330186 421754623 664786494
151237 171078 13992 43146 23812 291275
400000 1
53511661 12332920 93233991 158315084 188445959 235024126
53511661 12332920 93233991 158315084 188445959 235024126
210581 119616 151414 107479 322676 400000
400000 1
24091984 617748 17567832 6698088 12350391 34597158
24091984 617748 17567832 6698088 12350391 34597158
30759 64773 19161 374683 89455 400000
57173 1
76390336 86803890 37493934 84225509 43737916 87988784
183320610 305166951 197926647 231029580 149586111 603505731
436872022 185131913 238925196 235101559 223661883 537599347
400000 1
96022004 42593215 33994546 6133890 181116431 265438659
96022004 42593215 33994546 6133890 181116431 265438659
253155 370382 387689 173447 83552 400000
125440 1
0 0 0 0 0 1000000000
999999999 999999999 0 0 999999999 1000000000
4790278 173786698 50674647 75355006 149512791 194115543
143493 1
0 0 0 0 0 1000000000
999999999 999999999 0 0 999999999 1000000000
583859429 45500804 687577755 619875022 370511531 805741859
400000 1
343094869 752452153 170148067 309138857 655647959 765245265
343094869 752452153 170148067 309138857 655647959 765245265
170301 183002 29108 279708 22666 400000
260267 1
48575429 70988205 23158242 438997257 344076961 458460251
278570992 446214771 395182124 495581691 52572403 633316677
191129903 180127642 218332285 54494466 121754269 266803928
209220 1
261843086 152568013 13962923 297262957 69648701 628366989
140565494 297349772 497410685 65245100 283405345 601067117
192929615 233190652 194814123 242316566 46641452 279667910
260267 1
424349203 375459896 315955980 73467036 199557726 921963904
999999999 999999999 0 0 999999999 1000000000
37601538 55472309 71403504 1138818 13616194 101752773
400000 1
418288243 355782288 136566129 186528299 374067870 794879351
41696612 57838323 2569302 81282131 9971879 93723744
80174551 205707804 211069283 150930592 70951758 239798756
400000 1
272295299 251199458 102569256 475005435 497156366 642697749
999999999 999999999 0 0 999999999 1000000000
75771555 18585498 183151814 87060935 62760001 193249062
38702 1
119510390 80862691 210698594 16000339 240312061 257295335
161382861 84374263 142272607 170967323 64971606 261254687
74611897 138393486 11431563 180504844 98207834 186701180
400000 1
536672913 268460759 191252010 223001168 466894410 695981240
536672913 268460759 191252010 223001168 466894410 695981240
264374 248531 265433 311153 396700 400000
400000 1
58884199 164645965 204153252 257242222 267603438 357905221
58884199 164645965 204153252 257242222 267603438 357905221
108305 26923 212670 334893 217608 400000
400000 1
228569910 426283632 714706057 721563940 28190047 782608658
228569910 426283632 714706057 721563940 28190047 782608658
196356 71640 385828 231779 355671 400000
400000 1
6406174 1290582 32739352 24255570 8459343 62514267
6406174 1290582 32739352 24255570 8459343 62514267
252913 390496 147910 151979 384751 400000
400000 1
358995088 82558987 423050880 160799526 101176144 519710944
358995088 82558987 423050880 160799526 101176144 519710944
4399 61623 238856 237578 309532 400000
125440 1
582896648 117865540 569995194 426804637 650358984 674633024
582896648 117865540 569995194 426804637 650358984 674633024
46109 98564 85812 25863 78340 125440
1 1
0 0 0 0 0 1
0 0 0 0 0 1
0 0 0 0 0 1
400000 1
50911680 158771074 359302614 193179291 63719218 407905841
50911680 158771074 359302614 193179291 63719218 407905841
164905 135360 379820 397633 286077 400000
400000 1
240428248 139408853 180633617 17117585 65287999 400058379
240428248 139408853 180633617 17117585 65287999 400058379
286377 115444 136379 312663 263457 400000
106745 1
514481706 598172959 97854174 286052711 122555966 667477952
9276411 7144285 265162 5736490 131111 20350698
363066037 827439370 296078932 424100944 727310516 986375119
400000 1
364215142 240917504 268449013 316558969 234345058 498535581
232923775 213004773 268666777 291819061 53546277 293851421
48250215 318853774 100663472 303901659 215860895 408068052
400000 1
84839301 78472013 91086156 52239838 124338612 124993964
84839301 78472013 91086156 52239838 124338612 124993964
98537 135800 241845 203878 306563 400000
250450 1
127870938 133578759 74798101 131492134 41606050 218118118
999999999 999999999 0 0 999999999 1000000000
639848923 955119028 4737843 44507919 900624829 957925915
400000 1
41839836 225188400 159164795 250713494 156027877 251037472
70217698 174110240 170679360 158910328 245966299 266784993
384178526 92164891 69310303 411877679 69682032 505555462
