30
6
5 2 4 6 3 1
6
2 4 8 16 32 64
3
1 1 1
3
200000 200000 200000
200
29726 33541 6496 8856 111020 13821 104126 120986 151762 183276 73254 150253 141496 85955 110228 138355 134631 121475 109292 17383 74565 32460 92988 118494 80353 105843 114337 162242 187735 187130 192211 147514 66990 10417 2825 83316 176629 114649 49426 191311 138066 193090 97117 108042 104024 71526 56262 196506 83599 111295 55178 138024 18042 163242 123479 45955 171673 174900 2162 97258 165823 77258 113025 162715 54911 13715 53017 143618 144648 27512 68372 24642 158150 48337 193514 98270 120434 116898 113668 189974 134478 137535 172894 84485 124121 165692 93209 175501 94646 53328 121201 134517 18424 187247 86655 85132 130414 28160 180503 168562 94322 174327 182795 154046 109020 104431 19253 177417 34774 115221 114775 53057 59748 91532 129338 42255 197913 32982 3092 94508 94567 98108 78680 11342 168296 106499 21964 31885 168844 88367 168605 141154 13024 108932 40722 64483 125313 177637 113797 79183 44899 176258 8185 113344 62394 117380 144369 125306 125604 178755 111587 100669 64442 46784 114108 40155 122990 99785 175782 53154 153173 182212 35547 108147 31716 30773 43632 97887 111073 177355 9650 19905 112306 91638 93630 52587 177678 26795 107787 163166 109767 71969 107289 103888 114557 120082 47459 74910 190918 159611 112928 155615 61630 145738 162349 152309 70994 96104 28619 167462
200
1 1 1 1 1 1 1 1 1 1 1 1 1 1 1 1 1 1 1 1 1 1 1 1 1 1 1 1 1 1 1 1 1 1 1 1 1 1 1 1 1 1 1 1 1 1 1 1 1 1 1 1 1 1 1 1 1 1 1 1 1 1 1 1 1 1 1 1 1 1 1 1 1 1 1 1 1 1 1 1 1 1 1 1 1 1 1 1 1 1 1 1 1 1 1 1 1 1 1 1 1 1 1 1 1 1 1 1 1 1 1 1 1 1 1 1 1 1 1 1 1 1 1 1 1 1 1 1 1 1 1 1 1 1 1 1 1 1 1 1 1 1 1 1 1 1 1 1 1 1 1 1 1 1 1 1 1 1 1 1 1 1 1 1 1 1 1 1 1 1 1 1 1 1 1 1 1 1 1 1 1 1 1 1 1 1 1 1 1 1 1 1 1 1 1 1 1 1 1 1
200
65116 194456 68684 189996 163682 63332 78050 193564 197578 40140 187320 35234 35332 105512 37268 103092 88814 34364 42350 105028 107206 21780 101640 19118 38982 116412 41118 113742 97989 37914 46725 115878 118281 24030 112140 21093 23652 70632 24948 69012 59454 23004 28350 70308 71766 14580 68040 12798 29638 88508 31262 86478 74501 28826 35525 88102 89929 18270 85260 16037 51684 154344 54516 150804 129918 50268 61950 153636 156822 31860 148680 27966 22922 68452 24178 66882 57619 22294 27475 68138 69551 14130 65940 12403 17082 51012 18018 49842 42939 16614 20475 50778 51831 10530 49140 9243 21754 64964 22946 63474 54683 21158 26075 64666 66007 13410 62580 11771 59568 177888 62832 173808 149736 57936 71400 177072 180744 36720 171360 32232 9052 27032 9548 26412 22754 8804 10850 26908 27466 5580 26040 4898 33142 98972 34958 96702 83309 32234 39725 98518 100561 20430 95340 17933 446 242 267 162 203 354 157 117 149 408 62 227 146 436 154 426 367 142 175 434 443 90 420 79 133458 71630 24830 192718 72235 37461 101350 121854 199813 16707 16957 166102 113154 103843 85891 90912 194629 74311 156782 174268 160266 29004 93857 2942 47278 154212 16960 26536 87820 74528 45387 170944
200
0 0 0 0 0 0 0 0 0 0 0 0 0 0 0 0 0 0 0 0 0 0 0 0 0 0 0 0 0 0 0 0 0 0 0 0 0 0 0 0 0 0 0 0 0 0 0 0 0 0 0 0 0 0 0 0 0 0 0 0 0 0 0 0 0 0 0 0 0 0 0 0 0 0 0 0 0 0 0 0 0 0 0 0 0 0 0 0 0 0 0 0 0 0 0 0 0 0 0 0 24616 136152 59841 3382 35724 11984 95485 105258 96582 52327 25043 65936 48096 52855 85533 158758 17088 47944 14331 631 83700 63690 154830 81318 112548 75742 99940 72415 61866 9167 10217 49082 156748 120170 19353 99221 107856 51633 77981 184498 130890 111287 88693 90019 111867 30285 191718 158703 56545 10948 113119 5123 163613 81183 63282 84460 34907 136327 154124 167332 56376 175038 108365 28733 90479 164496 154772 129811 177051 198888 49824 56281 154265 27554 71953 134353 157741 21556 32724 126071 77150 188748 90803 70146 80782 162047 77275 111907 101717 116220 40503 197699 94209 170651 38361 28682 91657 144549 15614 107540
200
161077 91258 103672 115838 18393 31372 126795 45087 107812 75362 198079 53759 43547 45033 80729 150148 198382 132036 144503 151243 22696 149815 29532 72212 45216 151725 25960 130606 134796 80597 186122 193077 164243 173302 137844 64682 79778 161178 187989 8131 136476 94546 12965 133895 59934 50600 35109 134115 158540 88527 54364 171673 2340 131926 169244 110186 37667 66896 24607 135428 53257 103198 98011 153927 100279 98775 90692 41626 110174 109966 76384 156884 177296 22859 177098 90071 57547 121384 52618 43933 180134 66343 95260 187480 95067 119400 65003 74057 46741 162494 143226 173350 1771 176482 66510 131839 174469 59457 103289 199528 168098 105469 49793 18681 21517 13116 151670 78392 156131 80148 155460 35413 193952 61171 114171 10739 81211 36555 67391 12343 20409 22346 98558 37785 152767 160876 83517 197109 45007 59361 102627 62543 148093 172266 183439 139792 106553 124102 171993 87192 25018 185855 163267 13506 182788 83498 26172 38686 128003 2063 41243 130926 145811 50871 109911 122617 134582 9415 182487 109348 70665 168032 77810 106902 35913 111415 44814 77288 4382 33987 151553 25132 6194 10794 135782 52595 126195 105782 98327 13415 44845 142129 61510 5773 47142 155248 165258 18694 39367 195006 6157 83047 66408 191303 79755 97182 124119 10176 143946 115281
3
65537 65537 131073
200
0 0 0 0 0 0 0 0 0 0 0 0 0 0 0 0 0 0 0 0 0 0 0 0 0 0 0 0 0 0 0 0 0 0 0 0 0 0 0 0 0 0 0 0 0 0 0 0 0 0 0 0 0 0 0 0 0 0 0 0 0 0 0 0 0 0 0 0 0 0 0 0 0 0 0 0 0 0 0 0 0 0 0 0 0 0 0 0 0 0 0 0 0 0 0 0 0 0 0 0 0 0 0 0 0 0 0 0 0 0 0 0 0 0 0 0 0 0 0 0 0 0 0 0 0 0 0 0 0 0 0 0 0 0 0 0 0 0 0 0 0 0 0 0 0 0 0 0 0 0 0 0 0 0 0 0 0 0 0 0 0 0 0 0 0 0 0 0 0 0 0 0 0 0 0 0 0 0 0 0 0 0 0 0 0 0 0 0 0 0 0 0 0 0 0 0 0 0 0 0
200
17688 9768 1320 19052 9812 9768 10296 13992 5016 7084 5148 7480 83214 45954 6210 89631 46161 45954 48438 65826 23598 33327 24219 35190 63114 34854 4710 67981 35011 34854 36738 49926 17898 25277 18369 26690 19698 10878 1470 21217 10927 10878 11466 15582 5586 7889 5733 8330 82410 45510 6150 88765 45715 45510 47970 65190 23370 33005 23985 34850 71154 39294 5310 76641 39471 39294 41418 56286 20178 28497 20709 30090 46632 25752 3480 50228 25868 25752 27144 36888 13224 18676 13572 19720 153162 84582 11430 164973 84963 84582 89154 121158 43434 61341 44577 64770 174468 96348 13020 187922 96782 96348 101556 138012 49476 69874 50778 73780 55476 30636 4140 59754 30774 30636 32292 43884 15732 22218 16146 23460 54672 30192 4080 58888 30328 30192 31824 43248 15504 21896 15912 23120 31356 17316 2340 33774 17394 17316 18252 24804 8892 12558 9126 13260 44 207 157 49 205 177 116 381 434 138 136 78 402 222 30 433 223 222 234 318 114 161 117 170 122051 101413 131069 151242 142667 30738 197424 67391 111263 77538 44211 43330 82701 159893 13086 46158 118564 97277 50360 104822 144688 61200 41093 179923 91531 146916 104199 197745 20579 79025 51385 48374
200
124202 3653 35968 109309 72779 44117 12645 56481 4215 65416 1924 18944 57572 38332 23236 6660 29748 2220 163982 4823 47488 144319 96089 58247 16695 74571 5565 134368 3952 38912 118256 78736 47728 13680 61104 4560 70278 2067 20352 61851 41181 24963 7155 31959 2385 45526 1339 13184 40067 26677 16171 4635 20703 1545 28288 832 8192 24896 16576 10048 2880 12864 960 133484 3926 38656 117478 78218 47414 13590 60702 4530 179010 5265 51840 157545 104895 63585 18225 81405 6075 281 148 371 304 159 103 64 302 405 442 13 128 389 259 157 45 201 15 114143 112370 127544 68710 23572 170308 39198 160761 116024 148473 37347 168232 111153 4634 87304 34175 85837 59992 65240 21079 65075 91737 115002 140869 170037 54844 112026 123461 156650 69010 34539 166554 33704 198754 107489 181719 62344 44368 28056 135860 50685 40878 199752 69986 181450 179541 190572 79096 171527 176760 34309 127239 17832 169934 113505 33228 160791 58208 70114 79278 61979 188044 66907 80637 90023 196642 111257 109162 174297 124541 91328 145735 42348 175032 136459 133432 51234 115376 148019 23998 119600 25744 58607 89637 108609 35102 118099 131135 21741 115046 83631 78050 6350 58452 171267 94007 144978 166439 126190 122346 474
200
37704 71518 188514 11984 82577 148296 46776 102292 36443 102499 116728 172583 196644 83692 72686 104945 155126 69860 59665 137050 163069 25174 155975 118965 111992 60421 78663 24187 121078 197334 87521 183567 181086 158008 140766 92432 139738 125168 162958 39781 75202 58778 187129 148580 147075 64867 81308 129447 82873 85410 148264 138261 145102 77242 103678 18116 76974 181345 82466 166896 171294 3039 163379 68449 9717 137207 77022 175224 195143 141903 19670 3153 196298 91493 34555 185342 16980 172716 120859 70233 104694 120198 155181 135866 36593 154123 10935 146196 150997 170997 190742 157985 35968 86995 45296 174674 156536 4393 136652 85135 32339 155525 43819 127591 69848 33871 148168 120319 92041 100751 173266 111555 6115 153123 55437 6425 197808 183898 35850 8873 75629 100982 22130 127866 97510 18978 21427 169349 176769 111434 37129 61522 55502 94107 38971 70298 159124 128062 103712 136672 111878 59744 152450 179724 68254 29331 26769 109865 123745 11798 81550 80169 97868 88469 161136 28811 13878 95316 172860 26142 161385 193108 131641 64453 188198 80070 137860 175549 76162 176470 67136 156772 7854 119238 174813 64925 168313 178746 63998 195604 64010 17581 130354 82250 137996 177151 98235 134406 125616 35235 91261 23115 128000 133553 148215 73141 45712 40701 164204 16592
200
189914 124353 34363 56417 96093 187041 18097 8260 57118 30028 159877 7547 151204 122839 151794 143233 118289 2413 125958 76009 41207 103244 3758 58371 62251 78472 127316 150174 122575 176231 125646 174159 177437 136861 9903 186016 72922 196884 26139 75283 87417 74010 27213 107803 33949 39584 97304 34133 82076 97679 99203 42009 158272 7095 52453 122585 79758 75762 81012 77305 150496 105487 121906 41136 158710 139500 172794 6539 49063 186300 90683 199234 108195 118248 7400 96281 53509 187885 81800 86284 57199 91094 38488 50068 116468 33996 37473 104365 144058 180055 50172 58895 40353 168892 121917 174482 118595 156548 132315 54249 69897 71658 154256 182066 110958 155610 170881 143700 39764 107140 75550 107127 192906 68902 18800 69063 26924 29744 30099 21108 49371 64523 193455 25870 96260 59582 92472 92630 126601 114953 103250 98930 16199 5215 166229 198586 118951 73905 71534 49293 112425 187704 66827 23681 169856 198873 134333 52938 29455 197691 6093 188607 100173 78984 74599 40864 109189 61238 9243 32007 87317 135689 176328 83604 71907 98006 32557 183529 8074 76073 157371 99311 105790 129877 108276 109154 188173 35594 59139 114676 82251 180955 25246 108259 124626 170704 189298 91988 29177 129955 79366 169931 60639 88602 164795 143519 70947 134772 142346 51912
200
53544 582 43844 47530 19206 85360 9506 74108 47336 60334 34338 100740 1095 82490 89425 36135 160600 17885 139430 89060 113515 64605 107916 1173 88366 95795 38709 172040 19159 149362 95404 121601 69207 18492 201 15142 16415 6633 29480 3283 25594 16348 20837 11859 115092 1251 94242 102165 41283 183480 20433 159294 101748 129687 73809 74244 807 60794 65905 26631 118360 13181 102758 65636 83659 47613 99912 1086 81812 88690 35838 159280 17738 138284 88328 112582 64074 60996 663 49946 54145 21879 97240 10829 84422 53924 68731 39117 79488 864 65088 70560 28512 126720 14112 110016 70272 89568 50976 50232 546 41132 44590 18018 80080 8918 69524 44408 56602 32214 121440 1320 99440 107800 43560 193600 21560 168080 107360 136840 77880 194 365 391 67 417 269 362 221 288 182 440 276 3 226 245 99 440 49 382 244 311 177 172956 69879 115845 52533 76494 77446 118186 182982 116881 29345 110067 15521 18911 57871 33151 152090 188563 159170 156326 163218 62643 89476 6654 139398 171574 122150 116838 153317 165179 158386 186569 107233 36409 56979 21824 191774 70795 142994 138041 119068 195851 69113 109640 19734 120503 67809 98718 123393 3535 69583 58617 184545 87279 164962 185322 14911 38895
200
1 0 1 1 1 0 1 0 1 0 1 1 1 1 0 1 0 0 1 0 1 1 1 1 1 1 1 0 1 1 1 1 0 0 1 1 1 0 1 1 1 0 0 1 1 1 0 0 1 1 0 0 1 1 0 1 1 0 1 1 0 1 0 0 0 0 1 0 1 1 0 1 1 1 0 0 1 1 1 0 1 1 0 0 1 0 0 1 1 1 0 0 1 0 1 0 1 0 0 1 0 0 0 1 1 0 0 1 1 0 1 0 1 0 1 1 0 1 1 1 1 1 1 1 1 0 1 1 0 0 0 0 1 1 1 1 0 1 0 0 0 1 1 0 1 1 0 0 0 1 0 1 0 0 0 1 0 1 1 0 0 0 0 1 1 0 1 0 1 1 0 0 1 1 1 0 0 0 1 0 0 1 1 0 0 0 0 1 0 0 0 0 1 1 1 0 1 0 0 0
200
105184 193076 78999 40034 199107 66628 63116 187362 71637 77425 142092 188987 155313 13961 109551 137819 83079 190080 80806 125667 85781 167233 169525 171289 34955 185604 63316 124739 14449 132639 49324 184239 88619 77864 100012 8112 84445 37528 170435 104894 85924 192755 14087 128330 178204 98878 73844 36802 56730 102665 27483 2048 48537 100783 115142 5699 110291 36895 198154 146983 95254 82114 175916 40260 113875 34987 40818 171170 17839 29298 178937 56875 113737 120597 28968 143076 83927 183855 112236 148670 95460 128242 11436 188871 41859 14013 140108 83448 88205 24639 112784 138084 105265 184566 7500 2462 66302 139135 182923 42428 102216 171567 3025 166025 154078 94295 124479 48197 168396 66730 51716 163875 128401 18325 74478 17997 79255 47247 74302 118781 25840 141936 39571 71306 81760 29466 18904 145573 3175 193227 192286 65351 140632 88476 177102 54456 110741 53518 49026 30622 5817 155930 164479 51797 28170 43032 108793 151776 119256 155608 198710 55682 84062 80441 186911 138227 104670 31807 115440 52331 6721 73752 90789 61161 178238 7978 185342 129201 145247 194460 23016 46690 82572 7692 26414 44946 194195 33664 88804 113324 4120 134789 34971 12673 150053 164299 152353 8279 14054 114336 198900 29108 34320 32133 25656 161544 14244 167411 112483 67478
200
0 0 0 0 0 0 0 0 0 0 0 0 0 0 0 0 0 0 0 0 0 0 0 0 0 0 0 0 0 0 0 0 0 0 0 0 0 0 0 0 0 0 0 0 0 0 0 0 0 0 0 0 0 0 0 0 0 0 0 0 0 0 0 0 0 0 0 0 0 0 0 0 0 0 0 0 0 0 0 0 0 0 0 0 0 0 0 0 0 0 0 0 0 0 0 0 0 0 0 0 40628 68857 146475 56368 126937 6017 139650 34886 107142 9207 32739 183115 176192 11226 22838 25192 137235 69108 95520 85116 69735 108196 88722 155264 95679 49730 42330 46626 36369 34613 96325 50701 197288 75746 13278 137415 6101 35913 30428 155346 63356 29434 94052 58796 48383 183378 136016 63035 5014 56526 77459 156367 117069 24434 16198 145352 172234 160689 74719 129896 148226 177394 93087 155304 55448 135394 165373 80847 118571 105764 132098 75609 24857 153791 17372 22171 181882 60886 74887 46225 152188 159854 189233 152141 92218 156720 104464 196048 162922 85858 90665 142644 119355 189325 71423 71537 119614 34720 91606 28730
200
50759 11773 48443 22195 73533 38793 36863 52303 55493 12871 52961 24265 80391 42411 40301 57181 66802 15494 63754 29210 96774 51054 48514 68834 14465 3355 13805 6325 20955 11055 10505 14905 24985 5795 23845 10925 36195 19095 18145 25745 79163 18361 75551 34615 114681 60501 57491 81571 72062 16714 68774 31510 104394 55074 52334 74254 67854 15738 64758 29670 98298 51858 49278 69918 193 211 254 55 95 301 274 258 263 61 251 115 381 201 191 271 43096 176510 15062 58482 190764 121115 104113 128031 105505 173572 134431 148219 180230 118811 163696 87012 70606 99841 119745 16960 161478 134298 94741 18053 105006 56223 186641 90900 90233 56554 184576 76373 135295 146683 128920 197732 20316 64838 85563 116902 41301 144342 84543 164194 96894 150422 196664 198030 86520 217 96454 22327 56065 199364 100558 97186 112447 68446 67652 47409 54854 165447 44117 24487 116165 177792 79534 139980 67032 33373 46187 79773 90465 151968 116728 151692 86862 48345 123980 28152 185138 114388 173924 63918 149540 181842 170808 86204 158291 164578 68878 158362 159615 82352 78568 24917 186018 150565 52791 51851 160692 16305 136081 27937 9060 34530 11593 28316 157592 159986 69804 44798 21668 153824 58998 36325 4851 191161 188369 138136
200
200000 200000 200000 200000 200000 200000 200000 200000 200000 200000 200000 200000 200000 200000 200000 200000 200000 200000 200000 200000 200000 200000 200000 200000 200000 200000 200000 200000 200000 200000 200000 200000 200000 200000 200000 200000 200000 200000 200000 200000 200000 200000 200000 200000 200000 200000 200000 200000 200000 200000 200000 200000 200000 200000 200000 200000 200000 200000 200000 200000 200000 200000 200000 200000 200000 200000 200000 200000 200000 200000 200000 200000 200000 200000 200000 200000 200000 200000 200000 200000 200000 200000 200000 200000 200000 200000 200000 200000 200000 200000 200000 200000 200000 200000 200000 200000 200000 200000 200000 200000 200000 200000 200000 200000 200000 200000 200000 200000 200000 200000 200000 200000 200000 200000 200000 200000 200000 200000 200000 200000 200000 200000 200000 200000 200000 200000 200000 200000 200000 200000 200000 200000 200000 200000 200000 200000 200000 200000 200000 200000 200000 200000 200000 200000 200000 200000 200000 200000 200000 200000 200000 200000 200000 200000 200000 200000 200000 200000 200000 200000 200000 200000 200000 200000 200000 200000 200000 200000 200000 200000 200000 200000 200000 200000 200000 200000 200000 200000 200000 200000 200000 200000 200000 200000 200000 200000 200000 200000 200000 200000 200000 200000 200000 200000 200000 200000 200000 200000 200000 200000
200
16642 6519 0 10971 19769 10282 9593 49926 19557 0 32913 59307 30846 28779 54008 21156 0 35604 64156 33368 31132 38308 15006 0 25254 45506 23668 22082 97654 38253 0 64377 116003 60334 56291 135020 52890 0 89010 160390 83420 77830 31086 12177 0 20493 36927 19206 17919 53 159 172 122 311 430 99 314 123 0 207 373 194 181 139709 155435 53913 161054 75662 165034 71475 126882 149796 146027 4243 154486 48360 99689 77490 136601 74756 99396 86634 93101 136290 166112 42134 181950 69600 49100 138484 170334 51988 22898 19199 192311 119021 6742 110228 107471 15399 16361 74634 116588 22570 191008 174274 142128 63269 132739 155753 65066 148789 44183 86695 1582 110095 122340 107232 167056 58725 76661 165860 27922 30364 13570 165182 153045 18038 90763 104574 111405 15346 34670 30045 176561 39050 13486 41525 53873 66049 42025 95861 102527 91684 100034 91541 54504 688 48636 54638 186741 163025 82310 169685 195493 196254 130626 54603 84461 181629 177616 20986 195668 118640 15623 94342 126908 98200 107880 11236 195145 146434 165825 97202 50045 55138 41111 39801 51571 72528 155550 55337 194897 26887 168323 41743 160688 185474 162844 43333 32921 107961 62905 25046 9114 130505 145414 159236 12368 64864
200
9409 26190 32980 43262 25511 12028 34338 31719 28518 79380 99960 131124 77322 36456 104076 96138 3686 10260 12920 16948 9994 4712 13452 12426 7663 21330 26860 35234 20777 9796 27966 25833 17363 48330 60860 79834 47077 22196 63366 58533 19594 54540 68680 90092 53126 25048 71508 66054 32204 89640 112880 148072 87316 41168 117528 108564 36763 102330 128860 169034 99677 46996 134166 123933 97 294 38 79 179 202 332 379 97 270 340 446 263 124 354 327 30338 108208 190025 2257 157651 99318 80592 87856 173227 91552 89610 154915 195507 175205 66985 133164 185192 151621 94375 36903 119061 130975 42885 172487 21578 1022 48223 44792 144213 2241 99257 155208 113305 198032 83670 101214 161586 73535 32803 59535 181339 16570 23351 106703 150778 35867 98644 57005 163960 12989 126571 2901 168141 171570 34193 125619 140347 199435 20743 99012 93549 49193 151748 77954 106340 50745 187319 156775 113914 151604 138958 196851 91584 1070 108629 25185 85337 19072 14224 192292 170182 120224 13097 73082 68881 66089 14307 26361 111921 13868 52647 27752 38225 177232 47292 69995 32772 151991 11100 78633 8543 9473 64568 50032 165958 197284 178229 126581 4977 7902 25161 177718 129472 168205 36072 2932 112591 194385 107365 168523
200
120182 2673 61271 128091 16788 119131 22856 159040 145792 197693 40482 125847 86972 176290 188666 123412 172960 139941 118873 40832 141606 64528 25399 194721 143394 142282 181872 164882 13444 94904 172414 189824 132951 91551 150230 148164 90664 163383 179017 81630 99478 170463 94918 139566 145650 57360 161471 69813 169586 178910 54563 87516 140320 66690 44027 34097 168658 131314 185980 27469 1692 17878 72113 131443 9732 168871 72295 176029 173445 44966 193325 110376 103228 139034 130935 166407 33256 53433 9070 196022 53002 185604 60109 109884 191533 13085 128855 180337 190650 174558 127742 27197 184239 111972 151355 116402 26364 123453 80066 38462 112305 150851 131496 183764 142338 178340 17805 45534 184452 2193 162587 127271 74965 6060 45619 187092 105246 104753 42378 171388 43170 49686 120884 35093 195242 193339 50868 11386 101534 38786 141833 185076 167517 98386 68859 162399 131999 125494 117843 1648 52464 49452 163156 3750 153486 63990 102207 50685 197429 12115 194731 58044 36096 197231 17983 161145 141285 133388 14638 179654 12406 46858 81002 128835 144420 5110 121208 14553 107223 164320 1583 20518 78039 25203 81092 73198 123149 30741 178236 36127 117355 3729 132388 122007 133449 10587 118638 64018 15169 89880 129291 24027 29832 11882 125477 146548 67996 32264 118371 17033
200
124599 196683 170492 174434 93184 133704 101125 147213 148483 9077 64684 63625 172658 197713 137275 177888 137672 149625 31189 59857 126206 65476 113851 143957 141904 179319 46014 96781 165144 113017 42478 135179 174457 52000 12097 7272 33293 100775 40490 63816 193479 74263 29995 68680 173896 16949 135177 61648 30582 107394 147760 186666 199565 38311 14177 76521 107108 6378 162513 143771 52011 180045 148579 76249 46731 148229 119197 5998 179384 190489 172644 76490 137041 57751 128404 167966 114255 168766 91352 140779 54682 81977 140518 158123 174047 6973 165310 127776 7147 9553 73916 118319 103053 91089 115738 107547 27382 115896 125316 171673 1097 117336 113191 113128 132301 35033 80212 73273 15040 33184 181945 106189 52042 31126 17440 52603 131844 175503 39618 163691 49123 44495 31886 115331 15096 160267 57599 66562 106666 123969 159417 49564 50319 29379 90670 134721 136029 13417 38293 72245 198735 184584 62580 177639 183676 75924 1095 28428 59173 147521 124276 100546 119946 71047 148685 170985 184495 123657 56810 118942 189829 162583 94620 122384 85864 159226 126972 66143 104306 56376 161142 147706 115574 86513 165953 56482 109133 135641 2825 55474 150401 1914 142642 77635 129210 54268 35341 29325 161335 191132 134128 85022 134725 190671 71698 133924 86724 27104 96371 195841
200
1 0 1 1 1 1 0 1 1 0 1 1 1 0 0 1 0 0 0 0 1 0 1 1 1 1 1 0 1 0 1 0 0 0 0 0 1 1 0 0 1 0 1 0 0 0 1 1 0 1 1 1 1 0 0 1 0 0 1 1 0 0 0 0 0 0 0 0 0 0 0 0 0 1 1 0 1 1 0 0 1 1 1 1 1 0 1 1 1 0 1 1 0 1 0 0 1 1 0 1 0 0 0 1 0 0 1 0 0 0 0 0 0 0 1 1 1 0 1 0 0 1 1 1 1 1 1 1 1 1 0 1 1 1 1 0 1 1 1 1 1 1 0 0 0 1 0 0 1 0 1 0 0 1 1 0 1 0 1 1 0 0 0 0 0 0 1 1 1 0 1 1 1 1 0 1 0 1 1 1 0 0 1 1 1 1 0 0 1 0 0 1 0 0 1 1 1 0 1 1
200
132506 164927 80577 152146 183991 158578 59036 176255 102349 152891 62249 6754 61596 94504 129017 72568 21425 181082 142338 172330 124478 99018 6740 163363 52053 89840 198143 32550 93338 79243 184188 89419 36819 100573 55776 191357 118626 33499 18095 37921 195654 167582 190399 161554 63039 117387 77059 18084 59240 22788 52411 4431 193288 38045 74502 35742 53726 107069 36190 174931 184961 125793 12080 57295 175277 37429 21115 104292 164670 43957 6135 45325 27776 5404 68178 35385 100689 55988 103046 9379 157479 154835 154975 143386 49181 70142 135639 164871 41178 25917 108180 168629 140045 155154 119342 63632 198576 98932 32929 146860 151157 42575 62292 123868 160072 75274 69095 72469 116248 197931 29453 180843 166126 78079 165442 90135 182577 159912 129678 36350 50999 143301 33154 1047 57386 103508 7103 65901 123324 107390 170123 7950 51206 119900 151843 116883 49069 36767 141608 130400 34161 46480 41619 52369 119737 9790 23844 89445 116478 56773 68766 100061 168256 131043 38770 92634 80383 177813 193964 163105 155834 59468 53925 80472 155128 68116 67426 58365 153498 6841 152933 73138 142560 6946 187919 120036 133599 55989 42423 45820 57703 81649 156512 17637 85580 70807 188538 27776 71064 42759 15342 71359 80478 6993 38898 63735 129040 79983 92584 182451
200
65537 131073 65537 65537 65537 65537 65537 65537 131073 65537 65537 131073 131073 65537 65537 131073 131073 65537 131073 131073 65537 65537 131073 131073 131073 131073 131073 65537 131073 65537 65537 65537 131073 65537 131073 65537 131073 131073 131073 131073 131073 131073 65537 65537 131073 131073 131073 65537 65537 131073 65537 131073 65537 65537 131073 131073 131073 65537 131073 65537 131073 131073 131073 131073 65537 65537 65537 65537 131073 65537 65537 131073 131073 65537 65537 65537 131073 65537 131073 65537 65537 65537 131073 65537 131073 131073 65537 65537 131073 65537 65537 65537 65537 65537 65537 131073 65537 65537 65537 65537 131073 65537 65537 131073 65537 65537 65537 65537 65537 131073 131073 131073 131073 131073 131073 131073 131073 65537 65537 131073 65537 65537 131073 131073 131073 131073 65537 65537 131073 131073 65537 65537 131073 65537 131073 65537 131073 131073 65537 131073 65537 131073 131073 131073 65537 65537 65537 65537 65537 65537 65537 131073 65537 65537 131073 131073 65537 131073 65537 131073 131073 131073 65537 65537 65537 65537 65537 65537 131073 65537 65537 131073 65537 65537 131073 65537 65537 65537 131073 131073 65537 65537 131073 131073 131073 65537 131073 131073 65537 131073 65537 65537 131073 65537 131073 131073 65537 131073 131073 65537
200
115907 164612 197435 159533 121423 5028 148 153414 86925 27622 19005 139464 39209 141852 165025 175948 107824 80972 172755 146966 156734 6866 148059 186450 65036 196620 102970 6876 195856 173553 85735 79480 80916 196442 152793 72916 194830 155897 164553 83544 129164 173131 149602 179082 178042 63476 116872 142172 68927 174675 10613 189314 33824 199002 17091 14357 97962 39520 15718 16177 128168 4981 177371 73654 130929 11293 99990 102518 146344 81269 3784 91668 8898 139428 78048 88476 76221 180893 357 5510 10 66656 50942 197184 7995 102733 57762 144424 158498 104703 53906 131435 156241 83399 137564 58156 63239 46944 194807 136255 69550 42310 162981 130914 63853 87782 89636 189398 18442 10992 147568 62198 124819 32632 144809 148838 12251 194611 180515 118602 198844 142472 38766 118582 50795 190430 31461 45926 138242 25487 42864 133861 174162 92800 174569 90694 54582 68779 84819 25821 72409 192656 122275 82013 63551 67729 157036 143989 180880 184842 130405 69607 34662 92589 7590 98034 53637 34215 101688 114496 13775 169739 154995 163914 158528 94211 156466 125484 83197 41134 65498 28309 64892 144826 36914 64732 85132 180753 166450 133474 100548 114721 198529 27319 119069 160512 74739 154884 23108 173856 52131 45247 84051 107658 110630 115081 176255 182223 35669 64394
200
24500 8050 13300 2450 70 29260 27790 1400 110950 36455 60230 11095 317 132506 125849 6340 108500 35650 58900 10850 310 129580 123070 6200 23450 7705 12730 2345 67 28006 26599 1340 110950 36455 60230 11095 317 132506 125849 6340 148050 48645 80370 14805 423 176814 167931 8460 115150 37835 62510 11515 329 137522 130613 6580 128100 42090 69540 12810 366 152988 145302 7320 70 317 310 67 317 423 329 366 350 115 190 35 1 418 397 20 32428 36797 162500 16616 21381 186922 136545 160674 149904 70539 74276 49910 161877 153760 28334 103618 136903 35125 125335 140701 110787 78147 135968 116006 199525 153404 34172 192317 47635 158020 96610 156456 151405 72316 56138 47484 143742 12473 67988 44708 118796 146526 123771 139811 34171 190226 53966 111003 195959 158787 26293 98639 161293 74277 10048 121377 101967 15694 154532 121815 36747 155211 172592 170696 62696 112998 124556 149502 20000 10583 199654 186327 36066 171270 103258 169474 146683 72512 56469 154144 150998 182441 20290 2100 31857 114523 143265 159543 141197 57822 97433 2013 6366 130703 142496 84476 77128 137162 120800 115447 126902 2150 58629 157713 189513 143082 159604 161946 45399 130462 138130 101402 3294 69484 112693 64277 41843 157992 167308 35096
